7 0.913009 0.243089 0.009577 0.021138
7 0.736233 0.217886 0.008779 0.016260
7 0.721468 0.223577 0.011173 0.017886
7 0.714685 0.400000 0.016760 0.022764
7 0.399441 0.747154 0.008779 0.014634
7 0.399042 0.774797 0.011173 0.021138
7 0.371907 0.834146 0.012769 0.022764
7 0.150040 0.276423 0.014366 0.019512
7 0.160016 0.306504 0.016760 0.017886
7 0.360734 0.070732 0.017558 0.027642
7 0.658819 0.008943 0.011971 0.017886
0 0.377494 0.486992 0.057462 0.053659
0 0.411812 0.113821 0.027135 0.107317
0 0.474461 0.242276 0.027933 0.097561
0 0.462889 0.083740 0.025539 0.092683
0 0.313647 0.783740 0.041500 0.094309
0 0.369912 0.731707 0.035914 0.097561
0 0.281724 0.872358 0.028731 0.082927
0 0.275339 0.960163 0.030327 0.076423
0 0.548284 0.632520 0.033520 0.097561
0 0.640463 0.571545 0.053472 0.047154
0 0.808460 0.563415 0.057462 0.050407
1 0.493615 0.500000 0.128492 0.076423
1 0.623304 0.469106 0.084597 0.066667
4 0.415004 0.623577 0.019154 0.037398
0 0.399840 0.325210 0.027135 0.085714
7 0.260575 0.307563 0.011971 0.020168
7 0.281724 0.293277 0.011173 0.018487
7 0.176776 0.280672 0.016760 0.026891
0 0.255387 0.525210 0.059058 0.048739
0 0.041500 0.637815 0.057462 0.042017
0 0.108939 0.635294 0.064645 0.047059
0 0.326417 0.341176 0.054270 0.047059
0 0.260176 0.341176 0.055866 0.040336
0 0.839186 0.328571 0.064645 0.052101
7 0.509577 0.142857 0.008779 0.020168
7 0.259377 0.262185 0.011173 0.023529
