7 0.402995 0.759259 0.008073 0.019444
7 0.396745 0.794213 0.011198 0.031019
7 0.382682 0.830787 0.011719 0.022685
7 0.042318 0.245370 0.015885 0.025926
7 0.045052 0.278009 0.019792 0.022685
7 0.040755 0.303241 0.019010 0.024074
7 0.199609 0.318750 0.015885 0.022685
7 0.263411 0.312269 0.011198 0.022685
7 0.256510 0.360880 0.010417 0.022685
7 0.736979 0.222685 0.011979 0.019444
7 0.720703 0.226852 0.011198 0.021296
7 0.912891 0.248843 0.012760 0.029167
7 0.270833 0.808796 0.013542 0.021296
7 0.657682 0.010880 0.011198 0.020833
7 0.287760 0.211343 0.010417 0.022685
7 0.658464 0.074769 0.009635 0.016204
0 0.109766 0.637269 0.066406 0.048611
0 0.043750 0.636574 0.055729 0.043519
0 0.314063 0.850000 0.028125 0.089815
0 0.282161 0.868287 0.027865 0.093981
0 0.274219 0.959259 0.029687 0.081481
0 0.444922 0.485417 0.058073 0.043981
0 0.385156 0.659491 0.042708 0.112500
0 0.550651 0.631713 0.039844 0.099537
0 0.641276 0.572454 0.054948 0.042130
0 0.478125 0.262500 0.025521 0.099074
0 0.465365 0.115509 0.025521 0.091204
0 0.445703 0.291898 0.024740 0.095833
0 0.394271 0.364120 0.034896 0.091204
0 0.329557 0.342361 0.059115 0.050463
0 0.811458 0.565972 0.061458 0.050463
4 0.433724 0.549537 0.018490 0.025926
1 0.674479 0.482870 0.124479 0.058333
3 0.345182 0.859954 0.044010 0.123611
0 0.557861 0.469748 0.057462 0.045378
0 0.837989 0.331092 0.068635 0.053782
1 0.600958 0.402521 0.068635 0.052101
0 0.261772 0.341176 0.055866 0.047059
0 0.411014 0.216807 0.028731 0.110924
0 0.797287 0.406723 0.057462 0.050420
7 0.510774 0.143697 0.009577 0.021849
7 0.704709 0.634454 0.012769 0.021849
7 0.258579 0.263866 0.011173 0.023529
