7 0.716680 0.232520 0.011173 0.022764
7 0.731844 0.229268 0.012769 0.019512
7 0.364326 0.065041 0.010375 0.029268
7 0.060255 0.251220 0.019952 0.017886
7 0.024741 0.251220 0.012769 0.014634
0 0.638468 0.576423 0.055866 0.050407
1 0.325619 0.504065 0.075020 0.055285
1 0.474860 0.295935 0.039904 0.133333
6 0.463687 0.420325 0.039904 0.034146
6 0.457702 0.489431 0.039106 0.032520
4 0.389465 0.403252 0.030327 0.026016
5 0.118915 0.439024 0.025539 0.022764
7 0.832801 0.663866 0.005587 0.013445
7 0.827215 0.652101 0.008779 0.016807
0 0.136872 0.503361 0.051875 0.042017
0 0.021548 0.332773 0.039904 0.043697
0 0.113328 0.635294 0.062251 0.047059
0 0.045092 0.635294 0.055068 0.043697
0 0.282522 0.868908 0.030327 0.087395
0 0.275738 0.954622 0.031125 0.077311
0 0.399042 0.305882 0.039904 0.100840
0 0.460096 0.156303 0.029529 0.110924
0 0.668795 0.374790 0.059058 0.067227
0 0.831205 0.335294 0.064645 0.052101
5 0.479250 0.371429 0.024741 0.020168
0 0.849960 0.420168 0.047885 0.047059
0 0.363927 0.896639 0.030327 0.102521
7 0.260974 0.287395 0.011173 0.020168
7 0.260176 0.300840 0.011173 0.013445
7 0.507582 0.152941 0.011173 0.020168
7 0.324820 0.219328 0.006385 0.018487
