7 0.413009 0.719512 0.013567 0.014634
7 0.703911 0.623577 0.011173 0.017886
7 0.719473 0.227642 0.010375 0.016260
7 0.735036 0.226016 0.009577 0.026016
0 0.515164 0.391057 0.050279 0.037398
0 0.557063 0.573171 0.060654 0.060163
0 0.640862 0.570732 0.051077 0.042276
0 0.711492 0.412195 0.051875 0.047154
0 0.786911 0.495122 0.044693 0.043902
0 0.942139 0.420325 0.058260 0.053659
0 0.021548 0.328455 0.038308 0.035772
1 0.849561 0.421138 0.067837 0.052033
4 0.475259 0.249593 0.016760 0.053659
4 0.387071 0.080488 0.009577 0.050407
5 0.408619 0.686992 0.022346 0.040650
7 0.664006 0.053782 0.007981 0.020168
7 0.059457 0.249580 0.013567 0.018487
7 0.024342 0.250420 0.013567 0.020168
0 0.046688 0.633613 0.055068 0.047059
0 0.112530 0.633613 0.060654 0.047059
0 0.285315 0.866387 0.027933 0.092437
0 0.277733 0.957983 0.031923 0.077311
0 0.399840 0.456303 0.055866 0.065546
1 0.456903 0.502521 0.067837 0.053782
7 0.508779 0.149580 0.010375 0.016807
0 0.366720 0.895798 0.031125 0.100840
0 0.834397 0.330252 0.067837 0.052101
7 0.326816 0.218487 0.007183 0.016807
