7 0.710295 0.226829 0.012769 0.024390
7 0.729050 0.227642 0.013567 0.022764
7 0.310455 0.298374 0.009577 0.021138
7 0.260176 0.266667 0.014366 0.022764
7 0.171987 0.350407 0.010375 0.017886
7 0.104948 0.269106 0.019952 0.024390
7 0.055068 0.273984 0.015962 0.017886
7 0.299282 0.720325 0.012769 0.026016
7 0.359138 0.210569 0.009577 0.021138
0 0.276536 0.500813 0.055068 0.042276
0 0.279330 0.270732 0.027135 0.092683
0 0.477654 0.268293 0.037510 0.097561
0 0.511572 0.424390 0.047885 0.045528
0 0.633280 0.569106 0.058260 0.048780
0 0.353951 0.930894 0.039106 0.095935
0 0.274940 0.958537 0.026337 0.079675
0 0.021947 0.331707 0.039106 0.039024
4 0.369912 0.668293 0.019952 0.052033
4 0.077015 0.550407 0.032721 0.021138
6 0.664006 0.495122 0.038308 0.040650
1 0.411014 0.497561 0.062251 0.042276
0 0.020750 0.412195 0.039904 0.043902
0 0.385076 0.035313 0.026337 0.060995
0 0.826816 0.331933 0.067039 0.048739
0 0.047885 0.632773 0.055866 0.042017
0 0.112929 0.632773 0.059856 0.048739
5 0.624102 0.028571 0.020750 0.033613
0 0.283719 0.863866 0.029529 0.090756
7 0.023943 0.250420 0.017558 0.020168
