7 0.195052 0.319444 0.016667 0.014815
7 0.268880 0.311343 0.015885 0.020833
7 0.059766 0.251852 0.015885 0.012963
7 0.026823 0.253472 0.010417 0.016204
7 0.724219 0.221065 0.010417 0.029167
7 0.735807 0.222685 0.014323 0.019444
7 0.963672 0.294444 0.016927 0.019444
7 0.524349 0.136574 0.011198 0.029630
0 0.202344 0.541435 0.059896 0.045833
0 0.286068 0.870833 0.026302 0.086111
0 0.277734 0.959954 0.027344 0.069907
0 0.368750 0.897685 0.027083 0.100926
0 0.551823 0.632407 0.043750 0.100926
0 0.641276 0.571528 0.050260 0.050463
0 0.417057 0.182870 0.024740 0.092593
4 0.414714 0.449537 0.026302 0.017593
6 0.471354 0.508102 0.039062 0.031019
3 0.231120 0.379861 0.069531 0.056944
0 0.021875 0.333333 0.043229 0.041667
0 0.837590 0.331092 0.066241 0.047059
0 0.408619 0.319328 0.036712 0.090756
0 0.112929 0.635294 0.061453 0.050420
0 0.047885 0.634454 0.055866 0.045378
7 0.319234 0.228571 0.009577 0.016807
7 0.260974 0.260504 0.011173 0.020168
