7 0.112131 0.281301 0.016760 0.019512
7 0.021947 0.253659 0.013567 0.022764
7 0.715882 0.229268 0.011173 0.019512
7 0.731445 0.227642 0.015164 0.022764
7 0.493615 0.650407 0.010375 0.022764
7 0.799681 0.360976 0.014366 0.019512
7 0.828811 0.365041 0.013567 0.021138
7 0.250200 0.973984 0.015164 0.029268
7 0.371508 0.022764 0.010375 0.016260
0 0.282522 0.295935 0.039904 0.094309
0 0.432961 0.535772 0.047087 0.079675
0 0.640064 0.573171 0.057462 0.043902
0 0.839585 0.417886 0.046289 0.042276
0 0.326417 0.791870 0.028731 0.104065
0 0.369513 0.896748 0.038308 0.092683
0 0.275738 0.958537 0.027933 0.073171
0 0.111333 0.636585 0.061453 0.050407
0 0.041500 0.632520 0.052674 0.045528
1 0.836792 0.512195 0.080607 0.052033
4 0.468476 0.141463 0.012769 0.055285
0 0.384677 0.034510 0.023943 0.062600
7 0.057462 0.254622 0.017558 0.021849
7 0.507981 0.150420 0.010375 0.018487
0 0.829609 0.333613 0.064645 0.048739
0 0.020750 0.331933 0.038308 0.045378
0 0.284118 0.866387 0.030327 0.092437
0 0.708699 0.492437 0.057462 0.047059
7 0.331205 0.225210 0.011173 0.023529
7 0.321229 0.230252 0.010375 0.020168
