7 0.023828 0.254398 0.012760 0.020833
7 0.063021 0.249537 0.019271 0.021296
7 0.057031 0.277315 0.016667 0.014815
7 0.715104 0.225926 0.009375 0.025926
7 0.727865 0.226852 0.010937 0.027778
7 0.820052 0.373843 0.011979 0.016204
7 0.830859 0.356019 0.009635 0.025926
0 0.021875 0.332407 0.042188 0.040741
0 0.636849 0.572222 0.052865 0.038889
0 0.364714 0.897685 0.030469 0.094444
0 0.325651 0.929398 0.032031 0.089352
0 0.276562 0.953472 0.032813 0.082870
0 0.113021 0.634028 0.061458 0.048611
1 0.619661 0.499306 0.077344 0.055093
0 0.384505 0.035185 0.027344 0.067593
7 0.508779 0.150420 0.008779 0.018487
0 0.830407 0.333613 0.066241 0.048739
0 0.500000 0.492437 0.058260 0.043697
0 0.296887 0.366387 0.052674 0.077311
0 0.400638 0.343697 0.036712 0.102521
0 0.046688 0.636975 0.056664 0.047059
0 0.283320 0.866387 0.028731 0.092437
7 0.541101 0.642857 0.011173 0.021849
7 0.321628 0.228571 0.009577 0.020168
7 0.332402 0.226891 0.010375 0.020168
