7 0.198723 0.314634 0.015962 0.024390
7 0.262570 0.313821 0.012769 0.019512
7 0.592578 0.113008 0.011971 0.017886
7 0.651636 0.090244 0.007183 0.021138
7 0.662011 0.111382 0.008779 0.021138
7 0.670391 0.197561 0.006385 0.017886
7 0.718675 0.223577 0.008779 0.017886
7 0.738228 0.221951 0.011173 0.017886
7 0.764166 0.588618 0.010375 0.019512
7 0.314046 0.669919 0.010375 0.022764
7 0.056664 0.247967 0.015962 0.027642
0 0.310056 0.476423 0.058260 0.045528
0 0.098962 0.394309 0.057462 0.043902
0 0.134477 0.566667 0.055068 0.040650
0 0.111333 0.634146 0.061453 0.042276
0 0.038707 0.636585 0.055068 0.050407
0 0.283320 0.862602 0.028731 0.092683
0 0.277334 0.959350 0.026337 0.074797
0 0.365124 0.898374 0.023144 0.095935
0 0.552275 0.630081 0.036712 0.105691
0 0.642458 0.572358 0.052674 0.048780
0 0.609737 0.479675 0.055866 0.052033
0 0.583001 0.398374 0.058260 0.045528
0 0.719872 0.405691 0.059058 0.053659
6 0.347965 0.533333 0.036712 0.035772
4 0.485634 0.269919 0.011971 0.045528
4 0.389465 0.333333 0.017558 0.045528
7 0.370311 0.126891 0.011173 0.025210
0 0.783320 0.560504 0.059856 0.048739
0 0.837590 0.330252 0.066241 0.052101
7 0.511572 0.142857 0.009577 0.016807
7 0.316840 0.230252 0.011173 0.023529
7 0.259777 0.258824 0.008779 0.023529
