7 0.720313 0.220370 0.011979 0.024074
7 0.738932 0.217824 0.011198 0.022685
7 0.610156 0.114583 0.008854 0.020833
7 0.664323 0.124306 0.008854 0.031019
7 0.363802 0.123380 0.010417 0.016204
7 0.267318 0.390046 0.012760 0.016204
7 0.201172 0.320370 0.014323 0.019444
7 0.267708 0.310648 0.013542 0.012963
7 0.526693 0.225926 0.014323 0.019444
7 0.511589 0.140509 0.012760 0.018056
0 0.377083 0.477315 0.032813 0.092593
0 0.485677 0.282176 0.035937 0.108796
0 0.536328 0.343056 0.036719 0.077778
0 0.551823 0.631019 0.037500 0.107407
0 0.784896 0.565046 0.061458 0.050463
0 0.365104 0.895139 0.028125 0.102315
0 0.284505 0.868287 0.029427 0.091204
0 0.277734 0.956019 0.032031 0.077778
3 0.463672 0.119444 0.028906 0.125000
4 0.721354 0.479630 0.023958 0.025926
4 0.625260 0.156019 0.010417 0.049074
7 0.932943 0.247917 0.015885 0.020833
7 0.705507 0.549580 0.012769 0.026891
7 0.675978 0.652941 0.012769 0.018487
7 0.058260 0.247899 0.014366 0.018487
0 0.640862 0.568908 0.057462 0.048739
0 0.112929 0.633613 0.063049 0.047059
0 0.046289 0.633613 0.055866 0.043697
0 0.837590 0.330252 0.067837 0.055462
7 0.316840 0.229412 0.011173 0.021849
7 0.260575 0.260504 0.010375 0.023529
