7 0.525130 0.139815 0.011198 0.019444
7 0.316016 0.233333 0.011198 0.027778
7 0.263021 0.312963 0.013542 0.024074
7 0.205078 0.317130 0.019010 0.012963
7 0.060156 0.251852 0.011979 0.025926
7 0.019141 0.257639 0.017448 0.024537
7 0.170443 0.746528 0.020052 0.022685
7 0.450521 0.630787 0.010417 0.022685
7 0.723047 0.223611 0.011198 0.014815
7 0.739844 0.216204 0.007812 0.025926
7 0.248177 0.709722 0.017708 0.027778
7 0.700651 0.288657 0.012760 0.020833
0 0.022266 0.331713 0.039844 0.042130
0 0.042318 0.638889 0.054427 0.045370
0 0.318880 0.796759 0.024740 0.077778
0 0.276562 0.963194 0.028125 0.069907
0 0.366406 0.902546 0.025521 0.104167
0 0.423828 0.250463 0.032031 0.097222
1 0.389844 0.656944 0.042188 0.100926
3 0.394141 0.100000 0.036719 0.133333
6 0.575000 0.343981 0.032813 0.060185
4 0.369531 0.446296 0.019271 0.047222
0 0.285315 0.869748 0.031125 0.099160
0 0.111732 0.636975 0.062251 0.050420
0 0.857941 0.499160 0.057462 0.047059
0 0.839585 0.327731 0.067039 0.053782
0 0.681963 0.491597 0.051875 0.052101
0 0.642458 0.572269 0.055866 0.048739
0 0.551875 0.631933 0.042298 0.110924
7 0.258978 0.261345 0.008779 0.018487
