7 0.691540 0.247967 0.010375 0.024390
7 0.715084 0.228455 0.015962 0.021138
7 0.729449 0.228455 0.011173 0.021138
7 0.020750 0.249593 0.014366 0.017886
7 0.371907 0.081301 0.011173 0.022764
7 0.223464 0.906504 0.014366 0.017886
7 0.201117 0.343089 0.017558 0.022764
0 0.113328 0.630081 0.060654 0.050407
0 0.171189 0.432520 0.051875 0.042276
0 0.425379 0.107317 0.022346 0.091057
0 0.555467 0.491870 0.052674 0.043902
0 0.280926 0.862602 0.030327 0.082927
0 0.275738 0.956098 0.029529 0.081301
0 0.278931 0.273171 0.029529 0.097561
3 0.380287 0.359350 0.053472 0.110569
6 0.025938 0.413008 0.042298 0.045528
5 0.054270 0.577236 0.025539 0.026016
0 0.384677 0.035313 0.027135 0.070626
0 0.020351 0.331933 0.040702 0.038655
0 0.634876 0.573950 0.055068 0.045378
0 0.045491 0.633613 0.054270 0.047059
