7 0.310056 0.297561 0.011971 0.016260
7 0.288508 0.346341 0.011971 0.019512
7 0.712291 0.229268 0.015164 0.026016
7 0.729449 0.226016 0.017558 0.026016
7 0.371109 0.180488 0.014366 0.013008
0 0.539505 0.426016 0.052674 0.074797
0 0.634477 0.571545 0.051077 0.043902
0 0.785315 0.444715 0.062251 0.053659
0 0.889864 0.506504 0.051077 0.043902
0 0.273743 0.960163 0.022346 0.076423
4 0.254988 0.464228 0.027933 0.027642
4 0.395451 0.308943 0.019952 0.035772
4 0.713488 0.507317 0.023943 0.022764
5 0.759777 0.397561 0.023943 0.017886
0 0.384677 0.032905 0.025539 0.062600
7 0.023943 0.249580 0.014366 0.018487
0 0.827215 0.331092 0.064645 0.057143
0 0.019154 0.329412 0.038308 0.040336
0 0.044294 0.633613 0.053472 0.047059
0 0.110934 0.631092 0.059058 0.045378
0 0.282522 0.860504 0.030327 0.090756
0 0.278132 0.270588 0.029529 0.090756
7 0.358340 0.213445 0.012769 0.020168
7 0.395850 0.679832 0.011173 0.025210
7 0.506385 0.146218 0.010375 0.020168
