7 0.647247 0.041463 0.012769 0.024390
7 0.506784 0.151220 0.012769 0.019512
7 0.458101 0.057724 0.014366 0.024390
7 0.023144 0.248780 0.012769 0.019512
7 0.851157 0.600813 0.013567 0.024390
7 0.577813 0.692683 0.011173 0.016260
7 0.895052 0.235772 0.013567 0.019512
0 0.632881 0.572358 0.055866 0.039024
0 0.403033 0.378862 0.035116 0.110569
0 0.278532 0.274797 0.031923 0.097561
0 0.204310 0.469106 0.057462 0.047154
0 0.020750 0.330081 0.039904 0.039024
0 0.042298 0.630081 0.054270 0.040650
0 0.351955 0.855285 0.035116 0.100813
0 0.272546 0.955285 0.034318 0.079675
5 0.431764 0.657724 0.025539 0.021138
5 0.430567 0.143089 0.011971 0.048780
4 0.386672 0.309756 0.013567 0.037398
0 0.382682 0.036116 0.024741 0.062600
0 0.316441 0.802521 0.027933 0.092437
0 0.280128 0.864706 0.025539 0.089076
0 0.109737 0.632773 0.061453 0.042017
7 0.710694 0.231933 0.013567 0.023529
7 0.724262 0.229412 0.011971 0.021849
0 0.078611 0.538655 0.061453 0.045378
3 0.187550 0.392437 0.070231 0.055462
