7 0.568359 0.583796 0.012760 0.025926
7 0.720703 0.679630 0.012760 0.025926
7 0.664714 0.483796 0.009635 0.017593
7 0.524740 0.141435 0.010417 0.019907
7 0.312891 0.220370 0.012760 0.024074
7 0.267318 0.315509 0.012760 0.016204
7 0.204297 0.316204 0.017448 0.021296
7 0.054297 0.248611 0.012760 0.019444
7 0.725391 0.221065 0.009635 0.022685
7 0.738542 0.223611 0.015104 0.021296
0 0.390625 0.395139 0.040625 0.093981
0 0.470833 0.250463 0.027083 0.087963
0 0.332422 0.662731 0.040885 0.095833
0 0.365234 0.899074 0.026302 0.100926
0 0.276823 0.959954 0.025521 0.076389
0 0.552995 0.632639 0.039844 0.097685
0 0.642057 0.570833 0.053385 0.051852
0 0.563021 0.344676 0.043750 0.087500
0 0.728125 0.408102 0.061458 0.052315
3 0.393456 0.076471 0.033520 0.132773
0 0.019952 0.328571 0.035116 0.048739
0 0.111333 0.635294 0.064645 0.050420
0 0.044294 0.636975 0.056664 0.047059
0 0.837191 0.328571 0.067039 0.052101
0 0.284517 0.868908 0.029529 0.100840
7 0.662809 0.695798 0.011971 0.023529
7 0.258978 0.258824 0.010375 0.020168
