7 0.257781 0.913008 0.012769 0.027642
7 0.177973 0.762602 0.012769 0.022764
7 0.021149 0.254472 0.015164 0.030894
7 0.315642 0.282927 0.013567 0.026016
7 0.361532 0.203252 0.009577 0.029268
7 0.714685 0.226829 0.010375 0.024390
7 0.729449 0.221951 0.014366 0.017886
7 0.708699 0.649593 0.015962 0.017886
7 0.290902 0.421951 0.018356 0.027642
0 0.278931 0.273171 0.027933 0.094309
0 0.469274 0.282114 0.030327 0.108943
0 0.485235 0.468293 0.049481 0.061789
0 0.613727 0.486179 0.047885 0.052033
0 0.711492 0.495935 0.056664 0.045528
0 0.774142 0.423577 0.046289 0.047154
0 0.637670 0.568293 0.057462 0.047154
0 0.365124 0.897561 0.037510 0.097561
0 0.272945 0.958537 0.027135 0.073171
0 0.114126 0.632520 0.065443 0.045528
6 0.612131 0.399187 0.036712 0.034146
0 0.384677 0.035313 0.027135 0.064205
0 0.830407 0.331933 0.067837 0.055462
0 0.043496 0.637815 0.056664 0.048739
0 0.018755 0.331092 0.037510 0.047059
0 0.283320 0.867227 0.030327 0.094118
7 0.507981 0.147899 0.010375 0.016807
