7 0.059058 0.250407 0.019154 0.019512
7 0.719074 0.228455 0.014366 0.021138
7 0.735036 0.222764 0.011173 0.019512
7 0.726257 0.583740 0.012769 0.026016
7 0.705108 0.344715 0.011971 0.022764
7 0.642458 0.284553 0.014366 0.026016
7 0.569832 0.677236 0.014366 0.017886
7 0.535116 0.644715 0.011971 0.017886
0 0.019154 0.330081 0.038308 0.039024
0 0.113328 0.634959 0.062251 0.050407
0 0.398244 0.300813 0.038308 0.084553
0 0.333599 0.623577 0.028731 0.076423
0 0.350359 0.804065 0.031923 0.099187
0 0.277733 0.959350 0.027135 0.078049
0 0.366720 0.898374 0.029529 0.089431
0 0.551077 0.633333 0.043895 0.108943
0 0.641261 0.570732 0.053472 0.039024
1 0.638069 0.473171 0.058260 0.052033
7 0.288508 0.273950 0.011971 0.020168
7 0.286512 0.257983 0.009577 0.018487
7 0.329609 0.215126 0.011173 0.016807
0 0.835994 0.329412 0.066241 0.050420
0 0.284118 0.869748 0.030327 0.092437
7 0.257382 0.956303 0.013567 0.020168
0 0.045092 0.638655 0.056664 0.043697
7 0.021548 0.248739 0.015962 0.016807
7 0.511971 0.142857 0.008779 0.020168
