7 0.023438 0.246991 0.013542 0.022685
7 0.058203 0.248611 0.009635 0.019444
7 0.715495 0.226852 0.013802 0.024074
7 0.731901 0.222685 0.009635 0.019444
0 0.021875 0.331713 0.040625 0.045833
0 0.384245 0.333333 0.053385 0.084259
0 0.521484 0.404167 0.048698 0.086111
0 0.461198 0.154398 0.027083 0.104167
0 0.549870 0.504167 0.047656 0.038889
0 0.634896 0.571528 0.056771 0.046759
0 0.787630 0.421991 0.057552 0.050463
0 0.277344 0.953704 0.032813 0.086111
0 0.368229 0.896065 0.034375 0.091204
3 0.880208 0.416204 0.076563 0.051852
1 0.633984 0.500926 0.071094 0.045370
1 0.475260 0.296759 0.037500 0.128704
1 0.406250 0.199306 0.023958 0.102315
4 0.377734 0.641204 0.015885 0.045370
0 0.830806 0.333613 0.065443 0.048739
5 0.039106 0.368908 0.028731 0.018487
0 0.122107 0.417647 0.047885 0.038655
0 0.135275 0.508403 0.048683 0.042017
0 0.114126 0.631933 0.060654 0.050420
0 0.046289 0.632773 0.054270 0.045378
0 0.395052 0.486555 0.057462 0.045378
0 0.304868 0.416807 0.049481 0.043697
7 0.368316 0.212605 0.008779 0.021849
7 0.361532 0.200840 0.011173 0.018487
7 0.326018 0.218487 0.008779 0.016807
7 0.326816 0.232773 0.015164 0.018487
7 0.506784 0.149580 0.011173 0.020168
7 0.705507 0.626050 0.011173 0.021849
7 0.698723 0.436975 0.015164 0.020168
7 0.735036 0.404202 0.014366 0.018487
0 0.282921 0.864706 0.031125 0.092437
