7 0.228651 0.340650 0.013567 0.024390
7 0.712291 0.227642 0.015164 0.019512
7 0.726656 0.226016 0.008779 0.026016
7 0.356744 0.086992 0.012769 0.024390
7 0.358340 0.208130 0.009577 0.029268
0 0.148045 0.413821 0.053472 0.050407
0 0.275339 0.268293 0.030327 0.097561
0 0.275339 0.955285 0.027135 0.076423
0 0.486034 0.289431 0.041500 0.100813
0 0.634876 0.569919 0.056664 0.037398
1 0.591381 0.169919 0.025539 0.099187
5 0.877494 0.397561 0.018356 0.021138
4 0.402235 0.531707 0.027135 0.026016
4 0.374302 0.652846 0.015962 0.050407
0 0.385076 0.034510 0.026337 0.065811
0 0.827215 0.332773 0.066241 0.047059
7 0.313248 0.306723 0.011971 0.015126
7 0.349561 0.728571 0.012769 0.021849
7 0.023543 0.250420 0.016760 0.020168
7 0.049880 0.252941 0.018356 0.025210
0 0.282921 0.862185 0.029529 0.087395
0 0.111333 0.631092 0.063049 0.048739
0 0.047087 0.633613 0.052674 0.047059
0 0.571030 0.496639 0.056664 0.045378
0 0.021548 0.329412 0.041500 0.040336
7 0.503192 0.150420 0.011971 0.021849
