7 0.737430 0.378049 0.011173 0.021138
0 0.057861 0.417073 0.050279 0.034146
0 0.459697 0.156911 0.025539 0.112195
0 0.636872 0.570732 0.057462 0.042276
0 0.776935 0.424390 0.058260 0.042276
0 0.366321 0.890244 0.028731 0.089431
0 0.276935 0.956911 0.035116 0.079675
4 0.377494 0.629268 0.011173 0.052033
1 0.475658 0.295122 0.038308 0.128455
1 0.395052 0.291870 0.031923 0.105691
3 0.864725 0.413821 0.075818 0.056911
1 0.634477 0.502439 0.067039 0.048780
7 0.705507 0.524370 0.012769 0.023529
7 0.786113 0.373950 0.015962 0.021849
7 0.729050 0.224370 0.011971 0.018487
7 0.714685 0.227731 0.011971 0.021849
7 0.367119 0.136134 0.009577 0.016807
7 0.360734 0.123529 0.011173 0.021849
0 0.831604 0.333613 0.065443 0.052101
0 0.471668 0.484034 0.057462 0.043697
0 0.553871 0.502521 0.049481 0.040336
0 0.351157 0.508403 0.049481 0.042017
0 0.114126 0.631092 0.062251 0.052101
0 0.045491 0.631933 0.055866 0.043697
0 0.021149 0.328571 0.039106 0.042017
0 0.247805 0.389916 0.056664 0.047059
0 0.961692 0.433613 0.062251 0.043697
7 0.059457 0.250420 0.015164 0.020168
7 0.024741 0.249580 0.015962 0.018487
0 0.283719 0.864706 0.031125 0.092437
7 0.507183 0.149580 0.010375 0.020168
7 0.328412 0.231933 0.011971 0.030252
