7 0.719074 0.229268 0.009577 0.019512
7 0.732642 0.224390 0.011173 0.016260
0 0.484836 0.486179 0.056664 0.042276
0 0.376297 0.665041 0.035914 0.078049
0 0.366321 0.891870 0.031923 0.102439
0 0.044693 0.635772 0.049481 0.045528
1 0.584198 0.408130 0.062251 0.042276
1 0.650040 0.483740 0.134876 0.066667
1 0.473663 0.265041 0.037510 0.130081
4 0.288109 0.394309 0.035116 0.017886
5 0.661213 0.404878 0.023144 0.019512
0 0.637670 0.570588 0.055866 0.048739
7 0.729848 0.582353 0.007183 0.015126
7 0.730646 0.568908 0.010375 0.015126
7 0.507183 0.148739 0.011971 0.021849
7 0.024342 0.248739 0.018356 0.016807
7 0.058659 0.251261 0.015164 0.021849
7 0.090184 0.310084 0.011173 0.015126
7 0.086592 0.295798 0.016760 0.010084
7 0.325219 0.217647 0.007183 0.018487
0 0.832801 0.330252 0.063049 0.048739
1 0.321628 0.485714 0.057462 0.047059
0 0.284118 0.867227 0.030327 0.090756
0 0.276536 0.956303 0.031125 0.084034
0 0.112131 0.633613 0.061453 0.047059
0 0.020351 0.328571 0.037510 0.042017
0 0.747007 0.397479 0.051077 0.045378
0 0.092977 0.519328 0.061453 0.047059
