7 0.023177 0.250463 0.016146 0.012963
7 0.055078 0.250231 0.015885 0.022685
7 0.203125 0.322685 0.013542 0.014815
7 0.523568 0.144676 0.014323 0.016204
0 0.642448 0.575694 0.058854 0.042130
0 0.552604 0.636574 0.042188 0.102778
0 0.603646 0.269907 0.039062 0.071296
0 0.111328 0.636574 0.056510 0.050000
0 0.366797 0.901620 0.027865 0.093056
3 0.546745 0.463426 0.066927 0.097222
3 0.400651 0.289583 0.033594 0.123611
4 0.885417 0.420602 0.032813 0.024537
0 0.835595 0.331092 0.067039 0.053782
7 0.719074 0.229412 0.015962 0.021849
7 0.733041 0.223529 0.013567 0.020168
0 0.284118 0.868908 0.030327 0.097479
0 0.430966 0.422689 0.051077 0.045378
0 0.428571 0.167227 0.025539 0.089076
7 0.262969 0.314286 0.013567 0.026891
0 0.019553 0.331933 0.039106 0.045378
0 0.043496 0.636975 0.055068 0.047059
0 0.276137 0.957983 0.033520 0.077311
7 0.317239 0.232773 0.011971 0.015126
7 0.259377 0.263025 0.014366 0.021849
