7 0.061453 0.252033 0.017558 0.022764
7 0.022346 0.252033 0.014366 0.022764
7 0.717478 0.227642 0.012769 0.022764
7 0.733440 0.219512 0.015962 0.029268
7 0.568236 0.653659 0.011173 0.016260
0 0.367917 0.892683 0.035116 0.097561
0 0.468077 0.179675 0.024741 0.105691
0 0.417398 0.186179 0.023943 0.095935
0 0.377893 0.328455 0.037510 0.074797
0 0.039505 0.408130 0.048683 0.042276
4 0.537510 0.413008 0.027933 0.032520
4 0.385475 0.083740 0.012769 0.053659
2 0.144054 0.518699 0.142857 0.065041
1 0.188348 0.408943 0.067039 0.040650
0 0.832402 0.330252 0.065443 0.052101
0 0.640463 0.571429 0.055068 0.047059
7 0.325619 0.221849 0.006385 0.016807
0 0.114126 0.635294 0.063847 0.047059
0 0.046289 0.636975 0.055866 0.043697
0 0.020750 0.331092 0.036712 0.043697
0 0.783719 0.498319 0.059058 0.052101
0 0.285714 0.867227 0.030327 0.090756
0 0.298484 0.431933 0.055866 0.047059
0 0.277733 0.953782 0.030327 0.082353
7 0.505188 0.147899 0.009577 0.016807
