7 0.315234 0.225926 0.012760 0.025926
7 0.263802 0.304861 0.018229 0.020833
7 0.199609 0.313889 0.014323 0.019444
7 0.055078 0.248611 0.015885 0.019444
7 0.656510 0.190278 0.011979 0.019444
7 0.671224 0.195139 0.012760 0.016204
7 0.638802 0.095139 0.010417 0.024537
7 0.733073 0.246296 0.013542 0.014815
7 0.718359 0.224306 0.011198 0.016204
7 0.739714 0.220370 0.012760 0.021296
7 0.791016 0.591898 0.012760 0.019907
7 0.372396 0.126157 0.013542 0.024537
0 0.111068 0.633565 0.060677 0.048611
0 0.043750 0.635185 0.056250 0.047222
0 0.365625 0.897454 0.027083 0.097685
0 0.275781 0.954398 0.029687 0.078241
0 0.549870 0.630093 0.041406 0.099074
0 0.845182 0.492824 0.054427 0.035648
0 0.782161 0.561806 0.059115 0.043981
0 0.280469 0.408102 0.056771 0.045833
4 0.389453 0.332407 0.014323 0.047222
4 0.490365 0.292593 0.011979 0.045370
4 0.794531 0.402546 0.031250 0.024537
6 0.588542 0.515509 0.034375 0.039352
7 0.267358 0.630252 0.009577 0.016807
7 0.688747 0.683193 0.014366 0.018487
0 0.837191 0.326891 0.067039 0.048739
0 0.635674 0.465546 0.059856 0.047059
0 0.479649 0.405042 0.059058 0.047059
0 0.307662 0.651261 0.047087 0.085714
0 0.282522 0.869748 0.030327 0.092437
0 0.641660 0.570588 0.057462 0.048739
7 0.510774 0.142857 0.011173 0.020168
7 0.259377 0.257143 0.009577 0.020168
