7 0.314063 0.234028 0.011979 0.022685
7 0.263802 0.309722 0.013542 0.021296
7 0.200391 0.319444 0.012760 0.021296
7 0.411849 0.718519 0.011198 0.019444
7 0.728776 0.657639 0.012760 0.018056
7 0.721484 0.226157 0.014323 0.016204
7 0.741016 0.222685 0.010156 0.019444
7 0.349609 0.237269 0.015885 0.016204
7 0.512760 0.144676 0.011979 0.022685
0 0.113021 0.633333 0.059896 0.047222
0 0.299740 0.346296 0.056771 0.051852
0 0.461589 0.135648 0.024740 0.092593
0 0.552604 0.631713 0.039062 0.099537
0 0.638802 0.568981 0.056771 0.051852
0 0.688021 0.502315 0.046354 0.045370
0 0.793750 0.565741 0.063021 0.051852
0 0.365495 0.898380 0.030469 0.099537
0 0.283594 0.871991 0.030729 0.094907
0 0.277344 0.961111 0.031250 0.071296
1 0.278906 0.503935 0.067708 0.048611
6 0.650781 0.400694 0.037500 0.037500
1 0.317188 0.879861 0.034375 0.117130
4 0.477214 0.308102 0.014323 0.043981
6 0.628125 0.067361 0.022396 0.063426
5 0.044792 0.593519 0.027083 0.019444
0 0.837989 0.328571 0.065443 0.048739
0 0.558260 0.462185 0.055068 0.073950
0 0.043496 0.640336 0.058260 0.047059
4 0.800479 0.406723 0.031923 0.020168
4 0.385475 0.357983 0.017558 0.040336
7 0.259377 0.262185 0.009577 0.016807
