7 0.696329 0.686179 0.011971 0.019512
7 0.822426 0.369919 0.011971 0.021138
7 0.684757 0.285366 0.011173 0.021138
7 0.715483 0.230894 0.015164 0.016260
7 0.733041 0.226829 0.013567 0.024390
7 0.059058 0.253659 0.017558 0.016260
7 0.025539 0.249593 0.011173 0.017886
7 0.378691 0.331707 0.016760 0.016260
7 0.833599 0.354472 0.011971 0.016260
0 0.572227 0.062602 0.028731 0.102439
0 0.638867 0.572358 0.053472 0.042276
0 0.513168 0.505691 0.046289 0.052033
0 0.391061 0.411382 0.057462 0.048780
0 0.365922 0.489431 0.056664 0.048780
0 0.276935 0.953659 0.028731 0.082927
0 0.365922 0.897561 0.032721 0.091057
0 0.111333 0.630894 0.058260 0.045528
0 0.045491 0.634146 0.049481 0.042276
1 0.561053 0.404065 0.057462 0.047154
0 0.385475 0.029695 0.025539 0.059390
0 0.830806 0.333613 0.067039 0.048739
0 0.635275 0.422689 0.049481 0.042017
7 0.651237 0.690756 0.011173 0.023529
0 0.022346 0.329412 0.039904 0.043697
6 0.405028 0.281513 0.026337 0.068908
6 0.215084 0.371429 0.035914 0.036975
0 0.486034 0.405882 0.060654 0.045378
0 0.283320 0.864706 0.030327 0.095798
7 0.508380 0.147899 0.009577 0.020168
7 0.320830 0.223529 0.011173 0.020168
7 0.332402 0.222689 0.013567 0.025210
