7 0.624479 0.155324 0.013542 0.020833
7 0.663932 0.124537 0.014323 0.021296
7 0.718750 0.226852 0.015104 0.017593
7 0.735417 0.221991 0.010417 0.020833
7 0.695182 0.373843 0.012760 0.016204
7 0.811198 0.582176 0.015104 0.022685
7 0.674349 0.704861 0.009635 0.031019
0 0.018880 0.330787 0.037240 0.037500
0 0.296484 0.502315 0.064844 0.045370
0 0.600130 0.490278 0.057552 0.053704
0 0.640885 0.569213 0.052604 0.048611
0 0.549870 0.629398 0.036719 0.104167
0 0.365104 0.897454 0.028125 0.091204
6 0.751042 0.409028 0.040104 0.035648
0 0.857161 0.421991 0.063802 0.050463
7 0.385475 0.178151 0.011173 0.016807
7 0.383081 0.162185 0.011173 0.021849
7 0.330008 0.216807 0.013567 0.020168
7 0.515962 0.137815 0.008779 0.020168
0 0.275339 0.957983 0.031923 0.077311
0 0.283320 0.869748 0.027135 0.095798
0 0.111333 0.634454 0.063049 0.045378
0 0.043895 0.637815 0.055866 0.045378
0 0.834796 0.329412 0.067039 0.053782
1 0.703512 0.479832 0.058260 0.048739
7 0.056265 0.250420 0.013567 0.020168
7 0.021149 0.248739 0.019952 0.016807
