7 0.269354 0.305691 0.013567 0.019512
7 0.314046 0.219512 0.011971 0.026016
7 0.381085 0.169106 0.010375 0.016260
7 0.374302 0.128455 0.012769 0.013008
7 0.512769 0.143902 0.010375 0.017886
7 0.720271 0.221951 0.008779 0.017886
7 0.738228 0.217073 0.009577 0.024390
7 0.855946 0.576423 0.015164 0.014634
7 0.536313 0.660163 0.011173 0.022764
0 0.354749 0.599187 0.035914 0.089431
0 0.918994 0.421138 0.064645 0.045528
0 0.553073 0.629268 0.039904 0.104065
0 0.276935 0.958537 0.031923 0.076423
0 0.366321 0.895122 0.028731 0.095935
4 0.362729 0.752846 0.018356 0.052033
0 0.641660 0.571429 0.055866 0.050420
0 0.838388 0.327731 0.064645 0.053782
0 0.213089 0.512605 0.060654 0.043697
0 0.111333 0.633613 0.061453 0.047059
0 0.044294 0.636975 0.056664 0.047059
0 0.631684 0.344538 0.053472 0.073950
0 0.378691 0.330252 0.045491 0.078992
7 0.200319 0.317647 0.015962 0.020168
7 0.055866 0.248739 0.014366 0.020168
7 0.284517 0.868908 0.027933 0.090756
7 0.257382 0.258824 0.010375 0.023529
