7 0.057861 0.248780 0.013567 0.029268
7 0.266959 0.313821 0.011971 0.019512
7 0.316042 0.223577 0.012769 0.021138
7 0.371907 0.133333 0.011173 0.022764
7 0.719872 0.221951 0.012769 0.021138
7 0.737031 0.215447 0.015164 0.027642
7 0.535116 0.650407 0.013567 0.019512
7 0.705507 0.375610 0.009577 0.013008
7 0.690343 0.272358 0.015962 0.027642
0 0.551476 0.631707 0.038308 0.102439
0 0.641660 0.573171 0.055866 0.047154
0 0.418994 0.125203 0.028731 0.110569
0 0.367119 0.896748 0.027135 0.092683
0 0.286911 0.870732 0.027933 0.089431
0 0.274940 0.953659 0.026337 0.079675
4 0.626097 0.152846 0.011971 0.042276
4 0.357542 0.804878 0.017558 0.052033
0 0.787709 0.506723 0.057462 0.042017
0 0.837989 0.330252 0.065443 0.052101
0 0.112929 0.634454 0.063049 0.052101
0 0.044693 0.635294 0.054270 0.047059
0 0.045890 0.486555 0.053472 0.042017
7 0.381085 0.179832 0.013567 0.016807
7 0.203113 0.318487 0.018356 0.021849
7 0.690343 0.354622 0.012769 0.026891
7 0.511572 0.141176 0.009577 0.016807
7 0.260176 0.260504 0.011173 0.016807
