7 0.505587 0.150407 0.010375 0.021138
7 0.400239 0.062602 0.015164 0.021138
7 0.726656 0.230894 0.011971 0.026016
7 0.892259 0.240650 0.011173 0.016260
0 0.366321 0.450407 0.031923 0.087805
0 0.109737 0.629268 0.061453 0.055285
0 0.044294 0.631707 0.051875 0.053659
0 0.275738 0.956911 0.034318 0.076423
3 0.216680 0.391057 0.064645 0.050407
4 0.401437 0.113821 0.012769 0.048780
5 0.310455 0.650407 0.025539 0.016260
7 0.022346 0.249580 0.020750 0.018487
0 0.381883 0.034454 0.024741 0.065546
0 0.426975 0.138655 0.025539 0.109244
0 0.393456 0.296639 0.039904 0.095798
0 0.279330 0.275630 0.031923 0.097479
0 0.021149 0.332773 0.039106 0.047059
0 0.280926 0.863866 0.028731 0.090756
0 0.633280 0.572269 0.055068 0.052101
7 0.711093 0.235294 0.012769 0.020168
