7 0.715084 0.231707 0.011173 0.021138
7 0.732642 0.226829 0.011173 0.011382
0 0.045890 0.634146 0.051875 0.042276
0 0.407023 0.286179 0.036712 0.094309
0 0.634477 0.568293 0.055866 0.047154
0 0.365922 0.891870 0.032721 0.092683
0 0.275339 0.957724 0.028731 0.071545
6 0.276935 0.505691 0.038308 0.039024
5 0.590583 0.342276 0.027135 0.021138
5 0.245411 0.424390 0.026337 0.019512
1 0.786512 0.487805 0.056664 0.045528
1 0.084996 0.509756 0.083799 0.056911
7 0.805267 0.658824 0.009577 0.016807
7 0.795690 0.653782 0.009577 0.016807
0 0.114126 0.633613 0.060654 0.047059
0 0.021149 0.332773 0.039106 0.043697
7 0.059856 0.252941 0.017558 0.021849
7 0.022745 0.249580 0.015164 0.018487
7 0.508380 0.152101 0.011173 0.018487
7 0.212690 0.294958 0.007183 0.018487
0 0.283719 0.865546 0.031125 0.097479
1 0.475658 0.293277 0.038308 0.132773
0 0.459697 0.150420 0.027135 0.105882
0 0.557063 0.049580 0.027135 0.092437
0 0.539904 0.316807 0.029529 0.085714
4 0.642857 0.409244 0.029529 0.028571
6 0.705507 0.416807 0.041500 0.036975
0 0.831604 0.335294 0.065443 0.052101
0 0.847566 0.409244 0.062251 0.048739
7 0.325219 0.218487 0.007183 0.023529
