7 0.022346 0.248780 0.020750 0.019512
7 0.057861 0.251220 0.016760 0.024390
7 0.264964 0.313821 0.011173 0.019512
7 0.022346 0.661789 0.027135 0.026016
7 0.719473 0.226016 0.016760 0.022764
7 0.735036 0.225203 0.011173 0.024390
7 0.521947 0.139837 0.007981 0.022764
0 0.019154 0.327642 0.033520 0.037398
0 0.109338 0.635772 0.060654 0.052033
0 0.365922 0.900000 0.027933 0.089431
0 0.343176 0.527642 0.033520 0.108943
0 0.429769 0.103252 0.026337 0.089431
0 0.537111 0.314634 0.052674 0.086179
0 0.641261 0.573171 0.055068 0.043902
0 0.552275 0.634959 0.041500 0.102439
3 0.434956 0.565854 0.060654 0.100813
3 0.404629 0.240650 0.030327 0.120325
0 0.283719 0.867227 0.029529 0.097479
0 0.043496 0.636975 0.056664 0.047059
0 0.646049 0.412605 0.050279 0.045378
0 0.765363 0.412605 0.049481 0.045378
0 0.836792 0.330252 0.067837 0.052101
7 0.201915 0.318487 0.015962 0.021849
0 0.274541 0.957983 0.030327 0.077311
7 0.316042 0.231933 0.011173 0.023529
7 0.258978 0.257983 0.011971 0.018487
