7 0.307161 0.604861 0.012760 0.026389
7 0.201172 0.320370 0.015885 0.019444
7 0.336849 0.331713 0.012760 0.019907
7 0.369531 0.092361 0.014583 0.028241
7 0.392057 0.126157 0.011719 0.018056
7 0.395833 0.102315 0.007812 0.012963
7 0.712630 0.227778 0.011198 0.012963
7 0.727865 0.226852 0.010937 0.017593
0 0.371875 0.469444 0.037500 0.092593
0 0.402604 0.612269 0.042188 0.082870
0 0.711198 0.496065 0.047917 0.042130
0 0.457682 0.054630 0.027865 0.108333
0 0.633594 0.572454 0.052604 0.042130
0 0.272917 0.956713 0.028646 0.082870
0 0.019271 0.329398 0.038021 0.037500
0 0.278125 0.276389 0.032813 0.094444
3 0.411589 0.100926 0.026823 0.126852
6 0.603516 0.156944 0.021615 0.060185
4 0.366406 0.787963 0.023958 0.047222
5 0.364714 0.893519 0.014323 0.037037
5 0.257031 0.628472 0.025521 0.031019
0 0.383073 0.035185 0.023958 0.067593
1 0.429370 0.273109 0.043097 0.119328
0 0.109338 0.634454 0.067039 0.048739
0 0.045890 0.636134 0.053472 0.042017
0 0.279729 0.863866 0.031125 0.094118
7 0.023943 0.663025 0.011173 0.018487
7 0.015563 0.663866 0.007183 0.013445
7 0.023144 0.247899 0.015962 0.021849
7 0.505587 0.149580 0.010375 0.020168
