7 0.714193 0.230787 0.012760 0.022685
7 0.729167 0.227546 0.013542 0.022685
7 0.345052 0.276389 0.011979 0.019444
7 0.317578 0.281481 0.015885 0.019444
7 0.021875 0.251157 0.011979 0.024537
7 0.047786 0.274769 0.014323 0.022685
7 0.033464 0.274074 0.011198 0.021296
7 0.304036 0.373148 0.015885 0.024074
7 0.213151 0.816204 0.012760 0.019444
0 0.022396 0.334259 0.043229 0.047222
0 0.161979 0.496759 0.055729 0.050000
0 0.025521 0.505556 0.046354 0.038889
0 0.280078 0.273843 0.032031 0.095833
0 0.469661 0.281250 0.027865 0.104167
0 0.499479 0.457870 0.049479 0.060185
0 0.567448 0.395833 0.051042 0.047222
0 0.634896 0.574074 0.058333 0.051852
0 0.761458 0.494213 0.046354 0.048611
0 0.275781 0.956019 0.031250 0.077778
0 0.361589 0.891898 0.032031 0.099537
6 0.369141 0.417130 0.040885 0.034259
0 0.112891 0.632407 0.056510 0.045370
0 0.385417 0.037731 0.025521 0.066204
7 0.217478 0.856303 0.013567 0.021849
7 0.507183 0.150420 0.011971 0.021849
0 0.829609 0.331933 0.064645 0.048739
3 0.853951 0.417647 0.078212 0.052101
0 0.045092 0.633613 0.055068 0.047059
0 0.282123 0.866387 0.029529 0.095798
