7 0.738627 0.221951 0.013567 0.027642
7 0.721069 0.222764 0.011971 0.019512
7 0.415004 0.711382 0.009577 0.017886
7 0.731844 0.577236 0.014366 0.026016
7 0.370710 0.131707 0.015164 0.019512
0 0.278532 0.958537 0.028731 0.073171
0 0.366720 0.897561 0.024741 0.094309
0 0.470471 0.268293 0.026337 0.084553
0 0.638468 0.571545 0.059058 0.050407
0 0.783320 0.562602 0.061453 0.052033
0 0.551077 0.629268 0.043895 0.094309
4 0.591381 0.471545 0.027135 0.029268
4 0.371109 0.368293 0.020750 0.040650
4 0.355946 0.474797 0.019154 0.048780
6 0.613727 0.235772 0.022346 0.058537
6 0.369114 0.656911 0.024741 0.065041
2 0.438148 0.091870 0.046289 0.177236
0 0.837590 0.328571 0.067837 0.052101
5 0.447725 0.565546 0.025539 0.018487
0 0.047087 0.638655 0.057462 0.047059
0 0.113328 0.633613 0.063847 0.047059
0 0.205507 0.421008 0.061453 0.052101
7 0.199920 0.315966 0.013567 0.023529
7 0.263368 0.308403 0.014366 0.021849
7 0.314445 0.231092 0.011173 0.021849
7 0.509577 0.144538 0.010375 0.020168
0 0.284517 0.868067 0.029529 0.092437
7 0.260176 0.258824 0.011173 0.016807
