7 0.717969 0.230093 0.013542 0.017593
7 0.733464 0.225926 0.012760 0.025926
7 0.510417 0.155324 0.015104 0.018056
7 0.060677 0.254398 0.017708 0.020833
7 0.026823 0.252778 0.015104 0.024074
0 0.228255 0.490278 0.063802 0.043519
0 0.333594 0.509028 0.046354 0.035648
0 0.401432 0.303241 0.038281 0.092593
0 0.460807 0.159491 0.027865 0.104167
0 0.929036 0.427778 0.062240 0.038889
0 0.638932 0.577083 0.053385 0.042130
0 0.364714 0.896065 0.035156 0.091204
5 0.018750 0.449537 0.031250 0.021296
5 0.342839 0.363426 0.027865 0.017593
4 0.130469 0.387731 0.031250 0.024537
6 0.162760 0.426157 0.043229 0.035648
6 0.583203 0.276620 0.024740 0.058796
1 0.474870 0.299306 0.038281 0.130093
1 0.467318 0.496759 0.072656 0.060185
7 0.862330 0.662185 0.011971 0.016807
7 0.854749 0.652101 0.011173 0.020168
7 0.686353 0.632773 0.011173 0.018487
7 0.712291 0.606723 0.015164 0.020168
7 0.325619 0.219328 0.007981 0.018487
7 0.366720 0.173950 0.011971 0.028571
7 0.310455 0.278992 0.012769 0.023529
7 0.306065 0.294958 0.010375 0.015126
0 0.830806 0.333613 0.067039 0.052101
0 0.782123 0.430252 0.052674 0.043697
0 0.654828 0.408403 0.048683 0.040336
0 0.069433 0.497479 0.060654 0.043697
0 0.047087 0.635294 0.055866 0.043697
0 0.114126 0.634454 0.063847 0.045378
0 0.021548 0.332773 0.039904 0.043697
0 0.282921 0.868067 0.031125 0.092437
0 0.274940 0.956303 0.031125 0.077311
