7 0.671987 0.628455 0.011173 0.014634
7 0.505986 0.151220 0.011173 0.022764
7 0.664804 0.221138 0.009577 0.026016
7 0.729050 0.261789 0.008779 0.019512
7 0.711492 0.234146 0.013567 0.022764
7 0.726257 0.233333 0.011173 0.024390
7 0.902634 0.254472 0.011173 0.017886
7 0.023943 0.248780 0.011173 0.019512
0 0.379489 0.343089 0.047087 0.084553
0 0.276935 0.273171 0.031923 0.094309
0 0.021149 0.332520 0.040702 0.034146
0 0.424182 0.177236 0.021548 0.097561
0 0.430966 0.486992 0.052674 0.043902
0 0.379888 0.665041 0.033520 0.084553
0 0.541899 0.497561 0.051077 0.042276
0 0.632482 0.575610 0.053472 0.048780
0 0.756584 0.426829 0.059058 0.047154
0 0.272945 0.956098 0.030327 0.081301
5 0.292099 0.465041 0.019154 0.042276
1 0.720670 0.501626 0.063847 0.053659
0 0.382682 0.037721 0.026337 0.069021
0 0.045092 0.632773 0.055068 0.042017
0 0.304070 0.558824 0.057462 0.062185
0 0.281325 0.864706 0.029529 0.095798
7 0.893456 0.245378 0.011971 0.023529
