7 0.523943 0.140650 0.010375 0.017886
7 0.719473 0.223577 0.010375 0.021138
7 0.736632 0.218699 0.012769 0.027642
7 0.741421 0.406504 0.009577 0.019512
7 0.260974 0.303252 0.014366 0.021138
7 0.127694 0.290244 0.017558 0.027642
7 0.638069 0.673984 0.011971 0.027642
0 0.111333 0.638211 0.059856 0.047154
0 0.378691 0.664228 0.039106 0.099187
0 0.548683 0.632520 0.039106 0.097561
0 0.618516 0.482114 0.046289 0.043902
0 0.367518 0.899187 0.027933 0.100813
0 0.284916 0.865041 0.028731 0.087805
4 0.582203 0.523577 0.027933 0.016260
5 0.730646 0.513821 0.024741 0.019512
1 0.309657 0.704065 0.041500 0.162602
3 0.329210 0.904065 0.040702 0.130081
0 0.837191 0.329412 0.067039 0.050420
0 0.017957 0.329412 0.035914 0.043697
0 0.042698 0.637815 0.055068 0.052101
0 0.642059 0.572269 0.056664 0.048739
0 0.275339 0.956303 0.030327 0.073950
0 0.359936 0.775630 0.038308 0.102521
7 0.055467 0.249580 0.016760 0.021849
7 0.020351 0.247899 0.016760 0.021849
7 0.328811 0.223529 0.014366 0.020168
7 0.258579 0.258824 0.011173 0.016807
