7 0.020313 0.248611 0.016667 0.019444
7 0.055469 0.248611 0.018229 0.019444
7 0.395052 0.238194 0.009375 0.018056
7 0.372396 0.154630 0.013542 0.019444
7 0.718750 0.225926 0.010417 0.025926
7 0.735417 0.222685 0.010417 0.019444
0 0.436198 0.494213 0.058333 0.042130
0 0.364844 0.896759 0.023958 0.092593
0 0.338411 0.891898 0.027344 0.086574
0 0.282943 0.864120 0.026302 0.095833
0 0.276823 0.959259 0.025521 0.075000
0 0.567057 0.487963 0.058073 0.038889
0 0.548698 0.630093 0.039062 0.105556
0 0.639714 0.572222 0.053385 0.045370
0 0.696745 0.490278 0.054427 0.043519
1 0.307292 0.743056 0.041667 0.156481
4 0.011589 0.416667 0.022656 0.021296
7 0.833200 0.349580 0.011173 0.023529
0 0.834796 0.329412 0.065443 0.050420
0 0.043895 0.637815 0.055866 0.042017
0 0.112131 0.635294 0.064645 0.050420
0 0.020351 0.332773 0.039106 0.043697
3 0.361532 0.767227 0.051077 0.129412
0 0.370710 0.609244 0.029529 0.102521
0 0.763767 0.423529 0.047885 0.047059
0 0.963687 0.421849 0.064645 0.043697
7 0.259777 0.261345 0.008779 0.021849
7 0.326018 0.221008 0.010375 0.018487
7 0.270152 0.278992 0.013567 0.023529
7 0.521548 0.138655 0.010375 0.021849
