7 0.260677 0.278935 0.013542 0.020833
7 0.506901 0.147917 0.012760 0.016204
7 0.710286 0.231713 0.008073 0.014352
7 0.726172 0.227546 0.011198 0.016204
7 0.890234 0.268287 0.008594 0.019907
7 0.902083 0.249537 0.013542 0.012963
7 0.901172 0.283102 0.015885 0.024537
7 0.460547 0.637269 0.009635 0.022685
0 0.020703 0.329398 0.039844 0.037500
0 0.278516 0.271528 0.028906 0.091204
0 0.409635 0.431944 0.058854 0.053704
0 0.396354 0.596759 0.037500 0.090741
0 0.527604 0.495139 0.047917 0.043981
0 0.590625 0.265741 0.031250 0.105556
0 0.633854 0.570833 0.054167 0.050926
0 0.383073 0.038426 0.027083 0.067593
6 0.280128 0.513445 0.038308 0.038655
0 0.279729 0.861345 0.031125 0.092437
0 0.273344 0.950420 0.027933 0.085714
7 0.023144 0.249580 0.015962 0.021849
0 0.075020 0.424370 0.062251 0.048739
