7 0.060677 0.248611 0.016146 0.019444
7 0.714974 0.226157 0.012760 0.016204
7 0.731120 0.222685 0.012760 0.019444
7 0.632943 0.623611 0.009635 0.024074
7 0.367057 0.009259 0.011198 0.017593
0 0.482943 0.404630 0.048177 0.093519
0 0.796224 0.503935 0.048698 0.042130
0 0.364714 0.892593 0.028906 0.094444
0 0.045964 0.634259 0.050260 0.038889
0 0.019531 0.329398 0.037500 0.043981
1 0.102604 0.517824 0.085417 0.043981
4 0.720573 0.381944 0.025521 0.025926
0 0.426823 0.037963 0.029167 0.075000
0 0.831205 0.331092 0.064645 0.047059
7 0.830806 0.356303 0.011173 0.023529
7 0.820032 0.372269 0.015164 0.021849
7 0.024342 0.248739 0.019952 0.016807
0 0.636872 0.570588 0.055866 0.052101
0 0.412211 0.255462 0.027933 0.097479
0 0.386273 0.033613 0.025539 0.067227
0 0.256983 0.420168 0.052674 0.043697
0 0.112131 0.631092 0.063049 0.045378
0 0.320032 0.817647 0.028731 0.099160
0 0.283320 0.867227 0.030327 0.090756
0 0.274940 0.953782 0.032721 0.082353
7 0.509178 0.149580 0.011173 0.020168
7 0.320830 0.226891 0.011173 0.020168
7 0.330008 0.224370 0.015164 0.021849
