7 0.266161 0.341463 0.018356 0.016260
7 0.298085 0.316260 0.011971 0.024390
7 0.317638 0.293496 0.012769 0.017886
7 0.024741 0.253659 0.011173 0.022764
7 0.713488 0.230081 0.012769 0.017886
7 0.728252 0.227642 0.013567 0.016260
7 0.356744 0.213008 0.011173 0.022764
7 0.395850 0.053659 0.009577 0.019512
0 0.389465 0.366667 0.041500 0.095935
0 0.279729 0.273171 0.021548 0.084553
0 0.045491 0.633333 0.054270 0.043902
0 0.545890 0.458537 0.060654 0.068293
0 0.685555 0.492683 0.049481 0.042276
0 0.322027 0.778862 0.024741 0.087805
0 0.347167 0.823577 0.031923 0.095935
0 0.367119 0.896748 0.036712 0.086179
0 0.284916 0.864228 0.028731 0.089431
0 0.278132 0.954472 0.032721 0.081301
5 0.400638 0.082114 0.014366 0.043902
6 0.520750 0.586179 0.035914 0.040650
4 0.382283 0.680488 0.019154 0.043902
0 0.383879 0.036116 0.025539 0.065811
7 0.507183 0.155462 0.011971 0.021849
7 0.521947 0.616807 0.011173 0.023529
0 0.826018 0.334454 0.063847 0.053782
0 0.427773 0.168067 0.030327 0.097479
0 0.020351 0.333613 0.039106 0.042017
0 0.112929 0.631933 0.061453 0.047059
0 0.635674 0.570588 0.055068 0.042017
