7 0.194271 0.599306 0.016667 0.024537
7 0.020703 0.248843 0.015885 0.022685
7 0.369531 0.079630 0.009375 0.019444
7 0.711068 0.230093 0.012760 0.017593
7 0.725781 0.227546 0.010417 0.016204
7 0.074609 0.621296 0.013802 0.019444
7 0.515495 0.265972 0.014323 0.018056
0 0.019141 0.333333 0.036719 0.042593
0 0.280208 0.278935 0.025521 0.095833
0 0.633073 0.571296 0.057813 0.052778
0 0.720313 0.509491 0.058333 0.051389
0 0.273307 0.952778 0.024740 0.084259
5 0.490365 0.396759 0.013542 0.038889
6 0.737760 0.424537 0.040625 0.038889
3 0.413021 0.104167 0.029687 0.120370
0 0.384245 0.034491 0.027865 0.066204
0 0.043496 0.631933 0.051875 0.043697
0 0.112530 0.631933 0.060654 0.050420
0 0.280926 0.863866 0.030327 0.090756
7 0.208699 0.390756 0.013567 0.018487
0 0.410215 0.350420 0.043097 0.099160
7 0.505587 0.149580 0.010375 0.020168
