7 0.264193 0.311343 0.014323 0.018056
7 0.277344 0.284722 0.011979 0.019444
7 0.307161 0.282176 0.011198 0.018056
7 0.292448 0.248611 0.007292 0.019444
7 0.287760 0.221065 0.010417 0.016204
7 0.441667 0.645370 0.010417 0.019444
7 0.385156 0.789352 0.010417 0.021296
7 0.688281 0.246296 0.013542 0.024074
7 0.722266 0.225231 0.012760 0.020833
7 0.738542 0.222685 0.010417 0.019444
7 0.402995 0.769907 0.009635 0.021296
0 0.285026 0.874306 0.028906 0.093056
0 0.275521 0.962269 0.033854 0.073611
0 0.300000 0.741204 0.033854 0.106481
0 0.111849 0.637731 0.062240 0.052315
0 0.043359 0.643056 0.058073 0.040741
0 0.111719 0.406481 0.055729 0.042593
0 0.029557 0.509028 0.054427 0.048611
0 0.262109 0.345139 0.053385 0.043056
0 0.329557 0.344213 0.052344 0.044907
0 0.401302 0.327083 0.027604 0.081019
0 0.594531 0.425231 0.054167 0.033796
0 0.552604 0.629398 0.040625 0.110648
0 0.642839 0.573148 0.059635 0.047222
0 0.813281 0.565972 0.057292 0.048611
0 0.468880 0.123611 0.026302 0.094444
7 0.656120 0.009259 0.014323 0.017593
7 0.513151 0.145370 0.012760 0.020370
4 0.514453 0.395139 0.026302 0.019907
1 0.167187 0.509028 0.144271 0.071759
4 0.344773 0.928571 0.014366 0.045378
7 0.201516 0.311765 0.015164 0.021849
1 0.469274 0.278992 0.043097 0.161345
7 0.928172 0.463866 0.014366 0.023529
0 0.840383 0.328571 0.067039 0.055462
7 0.260575 0.262185 0.013567 0.026891
