7 0.025539 0.251220 0.014366 0.017886
7 0.503192 0.155285 0.011971 0.021138
7 0.711093 0.230894 0.012769 0.016260
7 0.726257 0.231707 0.011173 0.017886
7 0.211891 0.337398 0.015164 0.021138
7 0.749401 0.261789 0.012769 0.019512
0 0.280926 0.274797 0.023943 0.091057
0 0.283320 0.858537 0.025539 0.078049
0 0.276935 0.953659 0.030327 0.079675
0 0.417398 0.145528 0.025539 0.095935
0 0.631684 0.573984 0.056664 0.045528
3 0.246608 0.392683 0.067039 0.053659
0 0.384677 0.036116 0.022346 0.069021
0 0.023144 0.330252 0.041500 0.042017
7 0.373903 0.081513 0.010375 0.028571
0 0.113727 0.630252 0.063049 0.050420
0 0.047087 0.633613 0.054270 0.043697
5 0.182761 0.613445 0.023943 0.020168
0 0.414605 0.283193 0.026337 0.089076
0 0.788508 0.494958 0.052674 0.045378
