7 0.317578 0.283102 0.011198 0.022685
7 0.293359 0.343056 0.018490 0.019444
7 0.509245 0.153009 0.012760 0.016204
7 0.713411 0.231713 0.009635 0.020833
7 0.728776 0.229398 0.012760 0.022685
7 0.094922 0.674769 0.014323 0.022685
7 0.558333 0.135648 0.011979 0.027778
7 0.340365 0.292824 0.013542 0.022685
0 0.282422 0.276852 0.029948 0.095370
0 0.186198 0.429861 0.047917 0.040278
0 0.301302 0.495139 0.059896 0.043981
0 0.456120 0.497454 0.048698 0.048611
0 0.405078 0.270602 0.027865 0.095833
0 0.471615 0.291898 0.031771 0.112500
0 0.629687 0.487037 0.058854 0.040741
0 0.046354 0.634028 0.049479 0.048611
0 0.362760 0.895139 0.029687 0.095833
0 0.275260 0.956713 0.028646 0.082870
3 0.388672 0.412037 0.063802 0.047222
0 0.026693 0.500926 0.051823 0.045370
0 0.385417 0.036806 0.025521 0.070833
0 0.826816 0.338655 0.062251 0.048739
0 0.022346 0.335294 0.039904 0.038655
0 0.036712 0.405882 0.049481 0.042017
0 0.635674 0.573109 0.055068 0.050420
0 0.112929 0.636134 0.056664 0.052101
7 0.150040 0.294118 0.014366 0.016807
7 0.148444 0.281513 0.009577 0.018487
0 0.282921 0.867227 0.027933 0.090756
7 0.024741 0.255462 0.017558 0.016807
