7 0.729848 0.225203 0.011971 0.024390
7 0.715084 0.230894 0.007981 0.016260
7 0.654429 0.121138 0.012769 0.027642
7 0.372306 0.202439 0.011971 0.021138
7 0.360734 0.209756 0.009577 0.019512
7 0.310455 0.300000 0.011173 0.021138
7 0.024342 0.247154 0.018356 0.022764
7 0.303272 0.234146 0.014366 0.016260
7 0.494812 0.655285 0.012769 0.019512
7 0.399840 0.779675 0.011173 0.021138
0 0.112530 0.623577 0.055866 0.050407
0 0.047087 0.631707 0.047885 0.047154
0 0.021947 0.326829 0.042298 0.045528
0 0.275738 0.271545 0.031125 0.091057
0 0.461293 0.256098 0.027135 0.099187
0 0.634078 0.569919 0.051875 0.050407
0 0.327614 0.757724 0.026337 0.094309
0 0.283719 0.857724 0.026337 0.092683
0 0.275738 0.953659 0.029529 0.086179
5 0.547885 0.394309 0.019952 0.024390
5 0.447725 0.138211 0.015962 0.032520
0 0.383879 0.036116 0.023943 0.069021
0 0.827614 0.331092 0.067039 0.047059
7 0.505587 0.147899 0.010375 0.020168
