7 0.661198 0.697685 0.011979 0.019444
7 0.071745 0.656944 0.011198 0.023148
7 0.025130 0.251157 0.015365 0.020833
7 0.092578 0.273843 0.020573 0.024537
7 0.227474 0.307407 0.015885 0.019444
7 0.315234 0.302546 0.012760 0.016204
7 0.359896 0.208102 0.019271 0.022685
7 0.712630 0.223611 0.012760 0.027778
7 0.727474 0.229167 0.016927 0.019444
0 0.110156 0.631019 0.068750 0.051852
0 0.390625 0.638194 0.042188 0.089352
0 0.317188 0.733333 0.032813 0.100926
0 0.273828 0.954398 0.033594 0.078241
0 0.633333 0.570602 0.059896 0.042130
0 0.932161 0.416898 0.059115 0.043981
3 0.711589 0.403241 0.072656 0.062037
1 0.607682 0.495139 0.135677 0.071759
1 0.149609 0.417130 0.075781 0.060185
0 0.383464 0.034491 0.023177 0.062500
7 0.505188 0.152101 0.009577 0.021849
0 0.413009 0.183193 0.029529 0.097479
0 0.396249 0.505042 0.055068 0.045378
0 0.347167 0.405882 0.054270 0.045378
0 0.049082 0.512605 0.059856 0.047059
0 0.021548 0.328571 0.038308 0.042017
0 0.280527 0.272269 0.032721 0.094118
0 0.281325 0.862185 0.029529 0.094118
7 0.077414 0.629412 0.009577 0.025210
0 0.045491 0.631092 0.055866 0.042017
