7 0.316840 0.301626 0.009577 0.017886
7 0.357542 0.204065 0.012769 0.021138
7 0.691141 0.279675 0.014366 0.019512
7 0.714286 0.226829 0.014366 0.024390
7 0.728252 0.229268 0.015164 0.022764
7 0.600958 0.631707 0.015962 0.017886
0 0.634078 0.571545 0.053472 0.040650
0 0.665603 0.478049 0.062251 0.052033
0 0.279729 0.274797 0.026337 0.097561
0 0.113328 0.629268 0.059058 0.052033
0 0.044693 0.629268 0.049481 0.048780
0 0.019553 0.330894 0.035914 0.040650
0 0.274142 0.955285 0.026337 0.086179
5 0.175978 0.352033 0.021548 0.034146
5 0.269354 0.397561 0.029529 0.024390
0 0.384278 0.036918 0.024741 0.070626
0 0.805666 0.345378 0.061453 0.062185
0 0.281724 0.862185 0.028731 0.090756
0 0.458899 0.495798 0.052674 0.047059
7 0.260176 0.272269 0.011173 0.023529
7 0.305267 0.773109 0.013567 0.030252
7 0.024741 0.250420 0.017558 0.016807
7 0.505188 0.149580 0.011173 0.020168
