7 0.197917 0.319444 0.014583 0.027778
7 0.651563 0.068287 0.011979 0.022685
7 0.671224 0.086111 0.009635 0.019444
7 0.656901 0.008333 0.012760 0.015741
7 0.721484 0.222685 0.011198 0.019444
7 0.738932 0.224537 0.011198 0.019444
7 0.407422 0.722685 0.013802 0.021296
7 0.717057 0.546296 0.015365 0.025926
7 0.512370 0.141435 0.012760 0.019907
0 0.110417 0.632407 0.061458 0.045370
0 0.363542 0.728472 0.039062 0.104167
0 0.282943 0.870602 0.032552 0.092130
0 0.364193 0.902546 0.028385 0.104167
0 0.551042 0.632639 0.037500 0.097685
0 0.396224 0.304861 0.024740 0.082870
4 0.407031 0.221528 0.013542 0.041204
1 0.511198 0.415509 0.093229 0.069907
1 0.270052 0.399074 0.063021 0.047222
1 0.420573 0.559259 0.051042 0.094444
1 0.408594 0.080556 0.033333 0.125000
6 0.445443 0.078935 0.029948 0.070833
2 0.468099 0.228472 0.058073 0.239352
7 0.103352 0.604202 0.013567 0.018487
7 0.239425 0.642857 0.014366 0.025210
7 0.296089 0.268908 0.012769 0.016807
7 0.314046 0.230252 0.010375 0.016807
0 0.837989 0.330252 0.065443 0.048739
0 0.707103 0.405882 0.052674 0.042017
0 0.797686 0.491597 0.048683 0.045378
0 0.642059 0.572269 0.055068 0.048739
0 0.042698 0.636975 0.055068 0.043697
0 0.327614 0.342017 0.055068 0.045378
0 0.809258 0.567227 0.060654 0.048739
7 0.270551 0.307563 0.012769 0.020168
0 0.276935 0.957983 0.030327 0.077311
7 0.260176 0.257983 0.011173 0.025210
