7 0.060654 0.248780 0.020750 0.019512
7 0.025140 0.250407 0.016760 0.022764
0 0.377494 0.621951 0.027135 0.095935
0 0.680367 0.484553 0.059856 0.052033
0 0.706704 0.404065 0.055068 0.043902
0 0.462490 0.191870 0.026337 0.097561
0 0.364326 0.891870 0.034318 0.092683
4 0.386672 0.077236 0.013567 0.063415
6 0.313647 0.508943 0.041500 0.032520
5 0.806464 0.369919 0.026337 0.014634
5 0.041500 0.569919 0.033520 0.017886
0 0.276935 0.956303 0.031923 0.077311
0 0.284118 0.867227 0.030327 0.090756
0 0.114924 0.634454 0.060654 0.052101
0 0.046688 0.636134 0.056664 0.042017
0 0.021149 0.332773 0.039106 0.043697
6 0.098563 0.405042 0.039106 0.036975
7 0.325219 0.218487 0.007183 0.016807
7 0.732243 0.224370 0.010375 0.018487
7 0.714685 0.228571 0.011971 0.023529
7 0.649641 0.045378 0.014366 0.023529
0 0.831205 0.330252 0.066241 0.048739
0 0.806464 0.419328 0.055068 0.048739
0 0.638867 0.572269 0.055068 0.048739
0 0.243416 0.415966 0.060654 0.048739
7 0.506385 0.149580 0.011971 0.020168
