7 0.155990 0.291898 0.013542 0.018056
7 0.162109 0.316204 0.012760 0.021296
7 0.317188 0.298380 0.011979 0.018056
7 0.365495 0.237500 0.012760 0.012963
7 0.390625 0.112269 0.008854 0.016204
7 0.507161 0.153009 0.015365 0.016204
7 0.714193 0.230787 0.012760 0.016204
7 0.728776 0.229167 0.012760 0.019444
7 0.306380 0.731713 0.014323 0.019907
7 0.397135 0.786111 0.010417 0.034259
0 0.418620 0.200000 0.027865 0.097222
0 0.553385 0.307176 0.039062 0.084722
0 0.471615 0.316898 0.028646 0.104167
0 0.408594 0.330093 0.031771 0.087963
0 0.637370 0.574769 0.051823 0.046759
0 0.388151 0.635880 0.050260 0.104167
0 0.113021 0.639120 0.061458 0.048611
0 0.046745 0.636574 0.047135 0.040741
0 0.350260 0.787037 0.027083 0.081481
0 0.363542 0.896759 0.031250 0.092593
0 0.273307 0.957639 0.030990 0.081019
0 0.281380 0.277083 0.027865 0.089352
5 0.666406 0.352083 0.025521 0.020833
5 0.400260 0.131019 0.013542 0.034259
6 0.519271 0.586111 0.037500 0.047222
6 0.704427 0.490972 0.037500 0.035648
0 0.385026 0.038426 0.026302 0.070370
0 0.827215 0.334454 0.066241 0.053782
6 0.322426 0.505042 0.038308 0.035294
0 0.018755 0.427731 0.037510 0.042017
0 0.022745 0.331933 0.040702 0.042017
7 0.023943 0.255462 0.015962 0.020168
0 0.282921 0.868067 0.031125 0.089076
