5 0.533854 0.659259 0.025000 0.024074
7 0.733073 0.261806 0.011979 0.019907
7 0.717969 0.223611 0.008854 0.021296
7 0.737370 0.225926 0.008073 0.019444
7 0.521224 0.138194 0.009635 0.019907
7 0.397917 0.070602 0.013542 0.024537
7 0.506901 0.148843 0.011198 0.020833
0 0.275781 0.606481 0.055208 0.071296
0 0.110547 0.633333 0.059635 0.043519
0 0.364323 0.897454 0.028125 0.097685
0 0.274089 0.960185 0.027865 0.073148
4 0.472917 0.220370 0.011979 0.053704
4 0.385547 0.075463 0.012760 0.053704
4 0.613411 0.284491 0.024740 0.042130
4 0.885417 0.517824 0.032813 0.027315
2 0.646875 0.483796 0.133333 0.086111
1 0.574609 0.400926 0.063802 0.053704
0 0.283719 0.871429 0.029529 0.095798
0 0.113328 0.502521 0.049481 0.040336
0 0.019952 0.331933 0.036712 0.042017
0 0.043496 0.639496 0.058260 0.045378
0 0.836393 0.332773 0.068635 0.043697
7 0.020351 0.248739 0.015164 0.020168
7 0.055866 0.250420 0.014366 0.020168
0 0.922985 0.418487 0.059856 0.043697
0 0.844773 0.421849 0.055068 0.043697
0 0.754589 0.426050 0.056664 0.048739
0 0.641261 0.572269 0.055068 0.052101
0 0.570231 0.584034 0.061453 0.052101
7 0.711891 0.321008 0.011173 0.020168
7 0.326417 0.216807 0.006385 0.020168
