7 0.711891 0.230081 0.014366 0.017886
7 0.728252 0.229268 0.010375 0.019512
7 0.268955 0.648780 0.015962 0.013008
7 0.786512 0.678049 0.013567 0.026016
0 0.280926 0.272358 0.033520 0.095935
0 0.409417 0.332520 0.028731 0.086179
0 0.469274 0.304065 0.027135 0.100813
0 0.525539 0.423577 0.056664 0.043902
0 0.532721 0.500000 0.058260 0.040650
0 0.636872 0.574797 0.054270 0.043902
0 0.368316 0.509756 0.053472 0.050407
0 0.383480 0.646341 0.042298 0.086179
0 0.364326 0.894309 0.034318 0.100813
0 0.278132 0.959350 0.034318 0.078049
0 0.338787 0.866667 0.034318 0.113821
4 0.704709 0.508943 0.030327 0.019512
6 0.128891 0.529268 0.043895 0.034146
5 0.351556 0.313008 0.016760 0.030894
0 0.385076 0.036918 0.026337 0.067416
0 0.826816 0.334454 0.063847 0.053782
0 0.406225 0.419328 0.054270 0.048739
0 0.021548 0.336975 0.039904 0.045378
0 0.113328 0.636134 0.062251 0.048739
0 0.046289 0.638655 0.054270 0.040336
0 0.282921 0.868908 0.031125 0.090756
7 0.507183 0.152101 0.011971 0.018487
7 0.365922 0.236134 0.010375 0.028571
7 0.334796 0.289076 0.011971 0.016807
7 0.317638 0.284034 0.011173 0.020168
7 0.023543 0.254622 0.011971 0.015126
