7 0.701432 0.639815 0.012760 0.021296
7 0.614844 0.538194 0.013542 0.013426
7 0.499609 0.561806 0.009635 0.027315
7 0.055469 0.249537 0.013542 0.021296
7 0.203516 0.320370 0.012760 0.019444
7 0.522005 0.138194 0.012760 0.022685
7 0.719531 0.221065 0.015104 0.022685
7 0.735807 0.221065 0.015885 0.022685
7 0.032682 0.343056 0.015885 0.025926
0 0.042708 0.632639 0.053646 0.042130
0 0.405859 0.610648 0.047135 0.086111
0 0.551042 0.633333 0.037500 0.112037
0 0.642057 0.569907 0.054948 0.043519
0 0.474479 0.284491 0.034375 0.093981
0 0.491536 0.414583 0.065365 0.052315
0 0.434115 0.061806 0.023958 0.093981
0 0.318880 0.823611 0.027865 0.092593
0 0.366016 0.895139 0.026302 0.095833
0 0.284896 0.869213 0.025521 0.089352
0 0.276953 0.959954 0.030469 0.076389
3 0.392448 0.075231 0.033854 0.127315
7 0.264193 0.312037 0.015885 0.019444
0 0.836393 0.327731 0.067039 0.053782
0 0.017558 0.328571 0.035116 0.042017
0 0.110535 0.633613 0.063049 0.047059
7 0.306864 0.232773 0.010375 0.021849
7 0.259377 0.258824 0.009577 0.020168
