7 0.060255 0.253659 0.013567 0.019512
7 0.022745 0.250407 0.015164 0.016260
7 0.653631 0.225203 0.012769 0.024390
7 0.717478 0.225203 0.011173 0.024390
7 0.731445 0.226829 0.013567 0.017886
7 0.755387 0.665854 0.013567 0.017886
7 0.835196 0.355285 0.011971 0.017886
0 0.156026 0.492683 0.058260 0.052033
0 0.021149 0.330894 0.039106 0.037398
0 0.492019 0.408130 0.055068 0.039024
0 0.764166 0.430081 0.048683 0.034146
0 0.638867 0.570732 0.055068 0.039024
0 0.364326 0.896748 0.034318 0.095935
6 0.412211 0.252033 0.026337 0.065041
6 0.342378 0.356098 0.035116 0.042276
1 0.559856 0.406504 0.064645 0.048780
0 0.386273 0.033708 0.025539 0.057785
0 0.832003 0.331933 0.064645 0.052101
7 0.824421 0.371429 0.009577 0.020168
0 0.665603 0.369748 0.057462 0.067227
0 0.475259 0.516807 0.048683 0.058824
7 0.509178 0.150420 0.011173 0.021849
0 0.111732 0.630252 0.062251 0.050420
0 0.046289 0.635294 0.055866 0.043697
0 0.283719 0.866387 0.029529 0.092437
0 0.274142 0.955462 0.032721 0.085714
0 0.398244 0.406723 0.057462 0.047059
7 0.321229 0.226050 0.008779 0.025210
7 0.332801 0.223529 0.015962 0.020168
