7 0.263767 0.315447 0.013567 0.016260
7 0.022745 0.304065 0.021548 0.016260
7 0.719872 0.222764 0.015962 0.019512
7 0.733839 0.226829 0.015164 0.024390
0 0.077414 0.504065 0.054270 0.042276
0 0.549082 0.633333 0.039904 0.102439
0 0.363528 0.900813 0.024741 0.100813
0 0.277334 0.956098 0.031125 0.081301
4 0.365922 0.786179 0.018356 0.034146
5 0.380287 0.517886 0.029529 0.014634
0 0.640463 0.573109 0.056664 0.047059
0 0.836393 0.330252 0.067039 0.052101
0 0.378691 0.666387 0.040702 0.109244
1 0.310455 0.663866 0.047885 0.164706
0 0.109338 0.636975 0.062251 0.047059
0 0.042698 0.636975 0.055068 0.043697
0 0.018755 0.331933 0.037510 0.045378
7 0.700718 0.563025 0.011173 0.016807
7 0.054270 0.250420 0.014366 0.020168
7 0.019952 0.251261 0.015962 0.015126
0 0.283320 0.870588 0.028731 0.097479
7 0.324022 0.230252 0.012769 0.020168
7 0.260176 0.263866 0.009577 0.020168
7 0.521548 0.138655 0.011971 0.021849
