7 0.720670 0.226829 0.012769 0.021138
7 0.736233 0.221951 0.013567 0.021138
7 0.509178 0.143902 0.007981 0.021138
7 0.031125 0.266667 0.019154 0.019512
7 0.060654 0.249593 0.017558 0.021138
7 0.023144 0.248780 0.014366 0.019512
7 0.702314 0.320325 0.014366 0.019512
7 0.972466 0.255285 0.011971 0.019512
7 0.713089 0.555285 0.016760 0.021138
0 0.112131 0.633333 0.059856 0.047154
0 0.546688 0.616260 0.041500 0.110569
0 0.642458 0.571545 0.054270 0.047154
0 0.657223 0.501626 0.058260 0.040650
0 0.969274 0.426016 0.058260 0.042276
0 0.283719 0.866667 0.029529 0.091057
7 0.326417 0.215126 0.007981 0.013445
0 0.043895 0.634454 0.054270 0.045378
0 0.022745 0.400840 0.042298 0.045378
0 0.020351 0.331092 0.037510 0.047059
0 0.364326 0.897479 0.029529 0.100840
0 0.570630 0.494118 0.051077 0.043697
7 0.518356 0.142017 0.008779 0.021849
7 0.673184 0.707563 0.013567 0.030252
0 0.834397 0.328571 0.067837 0.052101
0 0.852354 0.435294 0.059058 0.047059
1 0.769753 0.410924 0.072626 0.048739
6 0.606145 0.392437 0.039106 0.035294
0 0.276536 0.957983 0.032721 0.080672
