7 0.266927 0.311343 0.016667 0.018056
7 0.203516 0.319444 0.012760 0.021296
7 0.059896 0.250463 0.017708 0.025926
7 0.764583 0.663426 0.014583 0.025926
7 0.720703 0.221296 0.012760 0.012963
7 0.740234 0.221991 0.013802 0.020833
7 0.634896 0.623611 0.011979 0.017593
7 0.612891 0.704861 0.011198 0.020833
0 0.111328 0.631713 0.063281 0.046759
0 0.043880 0.639120 0.051302 0.042130
0 0.399870 0.352083 0.035156 0.099537
0 0.553516 0.631019 0.042448 0.094444
0 0.641667 0.574769 0.057292 0.046759
0 0.367969 0.899306 0.028646 0.110648
0 0.284896 0.864352 0.025521 0.092593
0 0.275260 0.961574 0.028646 0.066667
7 0.521947 0.136975 0.009577 0.021849
7 0.692338 0.384874 0.013567 0.020168
0 0.837191 0.328571 0.067039 0.055462
0 0.784916 0.413445 0.061453 0.050420
0 0.019952 0.329412 0.038308 0.040336
0 0.027135 0.400840 0.052674 0.042017
0 0.420591 0.513445 0.057462 0.045378
0 0.426177 0.165546 0.027135 0.105882
3 0.393057 0.074790 0.034318 0.136134
7 0.314046 0.220168 0.010375 0.016807
7 0.260575 0.258824 0.011971 0.023529
