7 0.313151 0.235648 0.012760 0.019444
7 0.261849 0.260880 0.011198 0.018056
7 0.200391 0.320370 0.015885 0.019444
7 0.414193 0.703241 0.012760 0.021296
7 0.379427 0.777083 0.011979 0.022685
7 0.721875 0.222917 0.013542 0.016204
7 0.741406 0.223611 0.009375 0.021296
0 0.619141 0.498611 0.058594 0.050000
0 0.642318 0.573843 0.055469 0.044907
0 0.552865 0.634954 0.039583 0.102315
0 0.365234 0.896065 0.024740 0.091204
0 0.283984 0.873843 0.026823 0.092130
0 0.277344 0.958565 0.037500 0.082870
0 0.190365 0.509722 0.058333 0.047222
4 0.735156 0.492593 0.025521 0.012963
1 0.369141 0.694676 0.040885 0.098611
5 0.180339 0.574074 0.030469 0.019444
0 0.838388 0.328571 0.066241 0.052101
0 0.808460 0.564706 0.062251 0.053782
7 0.268156 0.291597 0.014366 0.021849
7 0.510774 0.142017 0.011173 0.018487
7 0.656824 0.011765 0.011173 0.020168
7 0.655227 0.072269 0.009577 0.023529
7 0.671987 0.088235 0.009577 0.031933
0 0.327614 0.338655 0.055068 0.045378
0 0.110535 0.636134 0.063049 0.048739
0 0.042698 0.638655 0.053472 0.043697
6 0.324421 0.391597 0.037510 0.033613
