7 0.019154 0.247967 0.014366 0.021138
7 0.265363 0.308943 0.016760 0.019512
7 0.523943 0.135772 0.010375 0.024390
7 0.720670 0.226016 0.012769 0.022764
7 0.737829 0.220325 0.008779 0.021138
7 0.524342 0.652033 0.009577 0.019512
0 0.108939 0.445528 0.048683 0.035772
0 0.019553 0.327642 0.037510 0.034146
0 0.550279 0.630081 0.039106 0.102439
0 0.639665 0.570732 0.053472 0.052033
3 0.156425 0.378049 0.068635 0.056911
1 0.387470 0.351220 0.067837 0.165854
4 0.300479 0.967480 0.015164 0.052033
0 0.837989 0.328571 0.068635 0.055462
0 0.110934 0.633613 0.063847 0.047059
0 0.043895 0.636975 0.057462 0.043697
0 0.365124 0.899160 0.029529 0.104202
0 0.334397 0.933613 0.030327 0.105882
0 0.314445 0.832773 0.027135 0.092437
0 0.284517 0.869748 0.029529 0.092437
0 0.276137 0.955462 0.030327 0.075630
5 0.014765 0.566387 0.026337 0.016807
7 0.055866 0.248739 0.017558 0.023529
7 0.312450 0.228571 0.011971 0.020168
7 0.258579 0.259664 0.009577 0.018487
