7 0.828412 0.360163 0.011173 0.021138
7 0.802474 0.356098 0.011971 0.026016
7 0.734637 0.226016 0.010375 0.026016
7 0.717478 0.228455 0.012769 0.027642
7 0.369114 0.663415 0.011971 0.022764
7 0.267358 0.830894 0.012769 0.026016
7 0.244613 0.326829 0.011971 0.019512
7 0.061453 0.250407 0.015962 0.026016
7 0.023144 0.248780 0.015962 0.022764
7 0.367917 0.085366 0.014366 0.024390
0 0.021947 0.332520 0.042298 0.040650
0 0.114525 0.630081 0.056664 0.050407
0 0.048284 0.630894 0.056664 0.045528
0 0.363528 0.894309 0.031125 0.094309
0 0.636872 0.574797 0.052674 0.050407
0 0.280527 0.273984 0.034318 0.095935
4 0.198723 0.483740 0.031923 0.021138
4 0.237829 0.538211 0.025539 0.016260
4 0.105746 0.562602 0.034318 0.016260
4 0.889066 0.499187 0.030327 0.026016
0 0.384278 0.032103 0.023144 0.064205
0 0.829609 0.332773 0.064645 0.050420
0 0.284118 0.864706 0.030327 0.095798
0 0.274541 0.954622 0.036712 0.077311
7 0.508779 0.150420 0.010375 0.018487
7 0.322027 0.229412 0.011971 0.021849
7 0.331604 0.223529 0.013567 0.020168
