7 0.697526 0.347967 0.011173 0.022764
7 0.727853 0.226829 0.011173 0.024390
7 0.713887 0.230081 0.011971 0.021138
7 0.316840 0.307317 0.009577 0.019512
7 0.256185 0.738211 0.012769 0.022764
7 0.240223 0.304878 0.011173 0.014634
0 0.405427 0.630081 0.052674 0.086179
0 0.274142 0.954472 0.026337 0.078049
5 0.130088 0.390244 0.027135 0.035772
6 0.835595 0.418699 0.038308 0.034146
0 0.385076 0.034510 0.026337 0.069021
7 0.357941 0.210084 0.011971 0.020168
0 0.712690 0.389076 0.060654 0.052101
7 0.023144 0.250420 0.015962 0.020168
7 0.651237 0.639496 0.012769 0.021849
0 0.627294 0.492437 0.052674 0.047059
0 0.634477 0.571429 0.055866 0.050420
0 0.112530 0.630252 0.062251 0.050420
0 0.043097 0.636134 0.052674 0.038655
0 0.022745 0.331092 0.037510 0.047059
0 0.281325 0.864706 0.029529 0.092437
7 0.505188 0.149580 0.009577 0.020168
