7 0.019952 0.248780 0.015962 0.019512
7 0.261373 0.308130 0.013567 0.021138
7 0.720271 0.225203 0.011971 0.021138
7 0.735834 0.222764 0.014366 0.019512
0 0.365124 0.897561 0.027933 0.100813
0 0.550279 0.631707 0.043895 0.099187
0 0.641261 0.569106 0.051875 0.045528
1 0.316441 0.606504 0.055068 0.172358
5 0.186752 0.554472 0.033520 0.016260
7 0.697127 0.651261 0.010375 0.025210
0 0.836792 0.328571 0.069433 0.052101
0 0.019154 0.327731 0.035116 0.040336
0 0.111333 0.633613 0.064645 0.047059
0 0.043496 0.636975 0.053472 0.043697
0 0.367917 0.710084 0.041500 0.109244
3 0.054669 0.382353 0.072626 0.055462
0 0.284517 0.871429 0.032721 0.095798
0 0.275339 0.958824 0.033520 0.078992
7 0.055467 0.247899 0.016760 0.025210
7 0.312450 0.230252 0.011971 0.020168
7 0.258180 0.259664 0.011971 0.025210
7 0.521947 0.137815 0.011173 0.023529
