7 0.713411 0.233333 0.011198 0.014815
7 0.728646 0.228472 0.010937 0.020833
7 0.505990 0.150463 0.014583 0.021296
7 0.589323 0.641435 0.011979 0.024537
7 0.642448 0.696065 0.016146 0.022685
7 0.312891 0.300926 0.012760 0.019444
7 0.040885 0.666667 0.016146 0.023148
7 0.077083 0.630093 0.011979 0.017593
0 0.047135 0.635648 0.049479 0.038889
0 0.281380 0.273843 0.027865 0.095833
0 0.441016 0.411343 0.048698 0.039352
0 0.567448 0.150231 0.031771 0.089352
0 0.322786 0.832407 0.027865 0.094444
0 0.273698 0.956713 0.025521 0.082870
1 0.145313 0.530093 0.148438 0.064815
1 0.413802 0.241435 0.037500 0.138426
6 0.210807 0.408796 0.036719 0.034259
4 0.688281 0.507176 0.031250 0.022685
0 0.385417 0.036111 0.025521 0.065741
0 0.021149 0.332773 0.039106 0.040336
0 0.772945 0.417647 0.053472 0.045378
0 0.634078 0.569748 0.056664 0.047059
0 0.282921 0.863866 0.029529 0.090756
0 0.114126 0.631092 0.062251 0.045378
0 0.515563 0.491597 0.055866 0.062185
7 0.225459 0.309244 0.013567 0.023529
7 0.026736 0.253782 0.015164 0.020168
7 0.358739 0.211765 0.011971 0.023529
