7 0.203113 0.708943 0.011971 0.022764
7 0.709098 0.623577 0.015164 0.024390
7 0.714685 0.227642 0.010375 0.022764
7 0.728252 0.224390 0.011971 0.022764
7 0.314046 0.304878 0.008779 0.017886
7 0.359936 0.209756 0.007981 0.019512
7 0.227454 0.310569 0.009577 0.016260
7 0.699521 0.386179 0.015164 0.021138
0 0.356744 0.762602 0.039904 0.097561
0 0.620511 0.490244 0.053472 0.040650
0 0.280128 0.273984 0.031923 0.092683
6 0.743815 0.412195 0.036712 0.037398
6 0.900638 0.408943 0.042298 0.040650
0 0.385076 0.032905 0.024741 0.062600
0 0.820032 0.495798 0.051875 0.040336
0 0.808061 0.429412 0.047087 0.042017
0 0.634876 0.569748 0.056664 0.047059
0 0.551875 0.408403 0.059856 0.053782
0 0.110934 0.628571 0.060654 0.050420
0 0.043895 0.631092 0.052674 0.042017
0 0.019553 0.331092 0.037510 0.043697
7 0.021947 0.247899 0.015164 0.015126
7 0.202713 0.692437 0.014366 0.020168
0 0.281724 0.863866 0.030327 0.090756
0 0.272147 0.952101 0.033520 0.082353
7 0.506784 0.148739 0.009577 0.018487
