7 0.413408 0.721138 0.011173 0.021138
7 0.199122 0.317886 0.016760 0.024390
7 0.253392 0.334146 0.010375 0.024390
7 0.271349 0.304878 0.011173 0.017886
7 0.315243 0.230894 0.012769 0.019512
7 0.642059 0.065854 0.010375 0.021138
7 0.659218 0.066667 0.012769 0.019512
7 0.673982 0.084553 0.008779 0.019512
7 0.721468 0.222764 0.009577 0.019512
7 0.740223 0.221951 0.010375 0.017886
7 0.825619 0.640650 0.008779 0.022764
7 0.511173 0.144715 0.011971 0.013008
0 0.111333 0.632520 0.064645 0.048780
0 0.479250 0.308130 0.032721 0.099187
0 0.642059 0.568293 0.055068 0.047154
0 0.863528 0.482927 0.051077 0.039024
0 0.810056 0.563415 0.057462 0.050407
0 0.363927 0.895122 0.031923 0.102439
0 0.285714 0.867480 0.031923 0.095935
0 0.276935 0.959350 0.025539 0.078049
1 0.398244 0.343902 0.043097 0.115447
4 0.471668 0.213821 0.011173 0.050407
6 0.624900 0.069919 0.019154 0.065041
4 0.411014 0.231707 0.012769 0.040650
4 0.308859 0.435772 0.025539 0.022764
0 0.550678 0.631933 0.041500 0.110924
0 0.326417 0.340336 0.055866 0.048739
0 0.116520 0.535294 0.054270 0.045378
0 0.043097 0.637815 0.057462 0.045378
6 0.237430 0.399160 0.035914 0.035294
0 0.837590 0.327731 0.069433 0.050420
7 0.259377 0.260504 0.009577 0.016807
