7 0.708699 0.465041 0.012769 0.022764
7 0.720670 0.226016 0.012769 0.026016
7 0.736632 0.221138 0.014366 0.022764
0 0.905427 0.435772 0.059856 0.045528
0 0.638867 0.501626 0.055068 0.047154
0 0.640463 0.570732 0.056664 0.045528
0 0.569433 0.492683 0.048683 0.045528
0 0.549082 0.630081 0.043097 0.102439
0 0.363528 0.894309 0.026337 0.097561
1 0.826018 0.417886 0.075020 0.048780
0 0.232642 0.404065 0.058260 0.047154
0 0.111333 0.633613 0.063049 0.047059
0 0.835994 0.331092 0.064645 0.053782
6 0.751397 0.407563 0.039106 0.035294
7 0.663208 0.214286 0.011173 0.025210
7 0.536712 0.146218 0.010375 0.023529
0 0.285315 0.868067 0.029529 0.095798
0 0.044294 0.635294 0.056664 0.043697
0 0.019553 0.328571 0.037510 0.038655
7 0.058260 0.248739 0.015962 0.016807
7 0.022346 0.249580 0.017558 0.018487
7 0.007582 0.290756 0.010375 0.020168
7 0.673583 0.705042 0.011173 0.025210
7 0.326816 0.215126 0.007183 0.020168
0 0.274541 0.957983 0.033520 0.077311
