7 0.015164 0.246341 0.012769 0.021138
7 0.721868 0.218699 0.013567 0.021138
7 0.736233 0.221951 0.013567 0.021138
7 0.831205 0.358537 0.010375 0.021138
0 0.109737 0.634959 0.066241 0.050407
0 0.040702 0.636585 0.051077 0.040650
0 0.283719 0.867480 0.024741 0.092683
0 0.275339 0.960163 0.028731 0.073171
0 0.366321 0.899187 0.025539 0.094309
0 0.366321 0.739024 0.035116 0.095935
0 0.382682 0.530894 0.032721 0.102439
0 0.551476 0.634959 0.038308 0.108943
0 0.642059 0.570732 0.055068 0.048780
4 0.578611 0.396748 0.035116 0.026016
4 0.877893 0.512195 0.027135 0.026016
1 0.310056 0.701626 0.047087 0.157724
3 0.331205 0.895122 0.038308 0.125203
0 0.836792 0.328571 0.066241 0.048739
0 0.021149 0.512605 0.037510 0.047059
0 0.018755 0.330252 0.032721 0.048739
7 0.052275 0.247899 0.015164 0.021849
7 0.265363 0.273950 0.013567 0.016807
7 0.258180 0.257143 0.011971 0.020168
7 0.326816 0.223529 0.010375 0.020168
7 0.287709 0.211765 0.008779 0.016807
7 0.522745 0.136134 0.011173 0.023529
