0 0.549479 0.305787 0.028125 0.074537
0 0.555078 0.048148 0.023177 0.086111
0 0.371094 0.515509 0.054167 0.045833
0 0.355078 0.767593 0.035156 0.087963
0 0.273828 0.952778 0.035156 0.084259
0 0.122526 0.408102 0.053385 0.039352
0 0.022396 0.332639 0.043229 0.037500
6 0.583464 0.521991 0.036719 0.045833
1 0.215885 0.505556 0.058333 0.038889
4 0.479167 0.429167 0.016667 0.025926
4 0.793229 0.409028 0.023958 0.014352
7 0.782552 0.327546 0.013542 0.018056
4 0.862370 0.335648 0.023177 0.040741
7 0.507682 0.154630 0.012760 0.025926
7 0.025130 0.252778 0.013802 0.024074
7 0.722656 0.254398 0.010417 0.018056
7 0.707943 0.239815 0.009635 0.027778
7 0.725781 0.234028 0.011979 0.016204
7 0.904297 0.243981 0.011198 0.019444
0 0.384635 0.039120 0.027083 0.068981
7 0.896249 0.273950 0.012769 0.026891
7 0.891460 0.240336 0.012769 0.026891
0 0.282123 0.863866 0.029529 0.090756
0 0.632482 0.572269 0.053472 0.045378
