0 0.683203 0.310648 0.065365 0.051852
0 0.330859 0.472454 0.047135 0.050463
0 0.506771 0.747917 0.025521 0.100463
1 0.603385 0.122685 0.068750 0.066667
1 0.449740 0.128472 0.032813 0.130093
7 0.577734 0.331713 0.009635 0.016204
7 0.579427 0.349769 0.007812 0.022685
5 0.327214 0.413889 0.017448 0.014815
5 0.491276 0.047222 0.018490 0.045370
5 0.427344 0.772222 0.010417 0.038889
7 0.437760 0.705787 0.008854 0.016204
7 0.437760 0.682176 0.010417 0.018056
7 0.558659 0.075630 0.007981 0.020168
1 0.103751 0.451261 0.065443 0.062185
