0 0.659635 0.443056 0.061458 0.043519
0 0.840755 0.316898 0.029427 0.104167
0 0.677083 0.246528 0.059896 0.050463
0 0.539062 0.196759 0.031250 0.103704
0 0.504427 0.775694 0.025521 0.104167
0 0.470833 0.909028 0.028646 0.104167
0 0.521745 0.951157 0.026823 0.097685
1 0.604167 0.118750 0.067187 0.061574
4 0.888281 0.406481 0.027083 0.023148
4 0.539453 0.721065 0.014323 0.050463
4 0.537500 0.818750 0.015104 0.043981
4 0.780990 0.302315 0.013542 0.038889
5 0.564193 0.437500 0.017448 0.019444
5 0.470964 0.738194 0.009635 0.048611
7 0.406641 0.716204 0.008594 0.017593
7 0.226302 0.384491 0.013542 0.018056
5 0.443620 0.075463 0.011198 0.040741
7 0.324089 0.424537 0.012760 0.012963
5 0.592578 0.404861 0.018490 0.016204
0 0.682813 0.306481 0.063021 0.047222
4 0.323224 0.414286 0.027135 0.018487
7 0.559457 0.073109 0.009577 0.025210
