1 0.500798 0.053659 0.032721 0.107317
1 0.607342 0.147967 0.073424 0.068293
1 0.451716 0.146341 0.030327 0.123577
0 0.697526 0.283740 0.054270 0.047154
0 0.632881 0.309756 0.060654 0.073171
0 0.488827 0.344715 0.031125 0.107317
0 0.490024 0.761789 0.027135 0.112195
4 0.730646 0.545528 0.024741 0.027642
4 0.596967 0.491870 0.020750 0.024390
7 0.951317 0.418699 0.014366 0.024390
7 0.404629 0.772358 0.009577 0.029268
4 0.379489 0.642276 0.026337 0.026016
7 0.118516 0.642276 0.011971 0.026016
7 0.410215 0.726829 0.009577 0.026016
7 0.399441 0.719512 0.008779 0.024390
4 0.545890 0.675610 0.017558 0.050407
7 0.765762 0.307317 0.018356 0.019512
7 0.614126 0.126016 0.010375 0.017886
4 0.672785 0.240650 0.025539 0.019512
5 0.407422 0.682353 0.026337 0.030252
