0 0.694334 0.278049 0.057462 0.045528
0 0.504389 0.757724 0.025539 0.094309
0 0.537510 0.776423 0.027933 0.102439
0 0.486034 0.902439 0.028731 0.104065
4 0.454110 0.736585 0.011173 0.045528
4 0.479649 0.735772 0.011173 0.047154
4 0.539904 0.866667 0.015164 0.052033
7 0.769354 0.269106 0.014366 0.021138
7 0.402634 0.756098 0.011971 0.029268
7 0.735435 0.353659 0.010375 0.017886
7 0.736233 0.371545 0.010375 0.014634
1 0.449721 0.143902 0.031125 0.125203
1 0.603352 0.140650 0.073424 0.066667
7 0.613328 0.118699 0.010375 0.019512
