1 0.601756 0.117073 0.068635 0.061789
0 0.674781 0.251220 0.055068 0.050407
0 0.681963 0.304878 0.061453 0.047154
7 0.673583 0.217886 0.011173 0.009756
7 0.737430 0.233333 0.012769 0.021138
7 0.753791 0.229268 0.011971 0.019512
5 0.735834 0.277236 0.009577 0.030894
4 0.890263 0.417073 0.026337 0.021138
4 0.818037 0.429268 0.028731 0.019512
7 0.776935 0.303252 0.015164 0.024390
0 0.751397 0.426016 0.061453 0.048780
5 0.699122 0.536585 0.014366 0.022764
5 0.530327 0.395935 0.016760 0.017886
4 0.635275 0.440650 0.020750 0.019512
4 0.315642 0.413008 0.026337 0.022764
1 0.024741 0.511382 0.046289 0.056911
7 0.562650 0.722764 0.007981 0.021138
0 0.564645 0.452846 0.059856 0.050407
7 0.557462 0.069748 0.008779 0.018487
