0 0.480447 0.447154 0.041500 0.104065
0 0.693935 0.278862 0.055068 0.050407
0 0.503990 0.756098 0.024741 0.100813
0 0.487231 0.897561 0.029529 0.107317
0 0.189944 0.569106 0.057462 0.055285
0 0.102554 0.578862 0.058260 0.048780
3 0.360734 0.596748 0.062251 0.058537
4 0.453711 0.752033 0.011971 0.040650
4 0.476856 0.739024 0.013567 0.050407
5 0.849162 0.414634 0.023943 0.022764
7 0.352753 0.419512 0.015962 0.022764
7 0.402235 0.756098 0.007981 0.026016
7 0.566241 0.872358 0.008779 0.024390
7 0.612131 0.120325 0.011173 0.013008
1 0.605347 0.144715 0.069433 0.068293
1 0.451317 0.144715 0.031125 0.117073
