0 0.521875 0.242361 0.028646 0.104167
0 0.696745 0.280556 0.054427 0.047222
0 0.490885 0.482176 0.025521 0.106019
0 0.514844 0.745370 0.028646 0.105556
0 0.486068 0.051389 0.028906 0.101852
1 0.608073 0.141435 0.071875 0.068056
7 0.614062 0.118519 0.011979 0.019444
7 0.854297 0.265741 0.018490 0.021296
4 0.545573 0.577315 0.011979 0.038889
4 0.594141 0.541435 0.026302 0.029167
4 0.612109 0.483796 0.028906 0.024074
5 0.409115 0.670833 0.015104 0.027778
7 0.404167 0.762500 0.010417 0.032407
1 0.450911 0.144676 0.027344 0.136574
7 0.432552 0.138194 0.007812 0.019907
4 0.516276 0.367593 0.012760 0.045370
1 0.481380 0.656713 0.036198 0.156944
