0 0.696745 0.282870 0.055990 0.042593
0 0.682031 0.328472 0.058333 0.045833
1 0.365885 0.491667 0.059896 0.053704
0 0.138151 0.568287 0.060677 0.053241
0 0.054297 0.543750 0.066927 0.056944
0 0.514844 0.765741 0.028646 0.107407
0 0.518750 0.935648 0.028646 0.112037
4 0.671094 0.241435 0.025521 0.024537
4 0.480729 0.731713 0.011979 0.042130
4 0.475651 0.818750 0.011198 0.050463
4 0.383464 0.632407 0.020052 0.025926
5 0.548307 0.665972 0.012760 0.037500
7 0.763021 0.316204 0.017708 0.017593
1 0.608464 0.149537 0.071094 0.068519
7 0.403385 0.762731 0.015104 0.029167
7 0.421354 0.153704 0.006250 0.024074
7 0.429688 0.158565 0.008854 0.020833
7 0.429769 0.654622 0.011971 0.028571
5 0.428970 0.663866 0.021548 0.026891
