5 0.581771 0.423611 0.022396 0.021296
1 0.599740 0.121991 0.069271 0.065278
1 0.447266 0.121991 0.027865 0.130093
0 0.504427 0.711343 0.027083 0.102315
0 0.472005 0.906481 0.026302 0.109259
0 0.504036 0.871528 0.026302 0.104167
4 0.466016 0.619444 0.011198 0.055556
4 0.536719 0.696065 0.010417 0.048611
5 0.549870 0.674769 0.009635 0.039352
7 0.573828 0.317130 0.008073 0.012963
7 0.575000 0.334954 0.005729 0.013426
7 0.831250 0.552083 0.015104 0.018056
7 0.849089 0.550463 0.012760 0.017593
0 0.681564 0.311765 0.067039 0.052101
7 0.687949 0.285714 0.014366 0.023529
7 0.450918 0.174790 0.009577 0.023529
