1 0.601756 0.117886 0.068635 0.056911
5 0.735036 0.281301 0.009577 0.032520
0 0.681564 0.306504 0.062251 0.043902
0 0.592578 0.252033 0.058260 0.065041
7 0.683160 0.196748 0.011173 0.019512
4 0.589385 0.536585 0.026337 0.022764
4 0.594573 0.450407 0.022346 0.019512
5 0.593775 0.402439 0.022346 0.021138
7 0.549880 0.082927 0.009577 0.022764
0 0.503192 0.762602 0.024741 0.107317
0 0.501197 0.922764 0.025539 0.108943
0 0.488029 0.269919 0.026337 0.104065
7 0.560255 0.873171 0.007981 0.032520
7 0.557462 0.070588 0.008779 0.020168
