1 0.608073 0.150463 0.070312 0.060185
0 0.696745 0.280324 0.054427 0.043981
0 0.673568 0.331019 0.055990 0.047222
0 0.514844 0.765046 0.028646 0.102315
0 0.519531 0.923611 0.030208 0.113889
0 0.139714 0.569213 0.062240 0.055093
0 0.051562 0.544676 0.064583 0.058796
1 0.021875 0.448148 0.042188 0.040741
4 0.100130 0.520370 0.027865 0.019444
7 0.402995 0.761806 0.012760 0.027315
4 0.420573 0.621065 0.025521 0.029167
4 0.479948 0.731713 0.013542 0.048611
4 0.476042 0.811343 0.011979 0.052315
5 0.549089 0.665741 0.017448 0.040741
7 0.763281 0.315509 0.015104 0.022685
4 0.672786 0.240509 0.025781 0.022685
7 0.420964 0.040741 0.008594 0.032407
7 0.430990 0.043056 0.007812 0.027778
5 0.438947 0.738655 0.009577 0.045378
7 0.445730 0.739496 0.013567 0.026891
