0 0.517969 0.834028 0.025521 0.097685
1 0.480859 0.878009 0.027865 0.106944
1 0.452865 0.337269 0.031250 0.115278
0 0.055078 0.510880 0.070052 0.052315
7 0.084245 0.590278 0.020052 0.025926
7 0.423438 0.287963 0.007292 0.019444
7 0.428906 0.301620 0.008854 0.020833
4 0.466146 0.552083 0.023958 0.024537
4 0.573047 0.456944 0.027344 0.019444
7 0.290104 0.388657 0.015104 0.022685
7 0.727865 0.274769 0.007812 0.019907
7 0.770182 0.241435 0.011198 0.020833
5 0.737760 0.281250 0.010417 0.032870
0 0.680859 0.306481 0.062240 0.050000
1 0.601432 0.120370 0.069531 0.068519
7 0.549479 0.096759 0.010417 0.021296
7 0.558333 0.071528 0.008854 0.022685
7 0.416146 0.090972 0.008854 0.029167
