0 0.514453 0.765046 0.027865 0.102315
1 0.808464 0.461806 0.060677 0.052315
0 0.697135 0.280556 0.053646 0.040741
0 0.694401 0.332407 0.057552 0.047222
7 0.762109 0.314583 0.012760 0.020833
5 0.548307 0.665972 0.012760 0.037500
4 0.383854 0.633333 0.022396 0.027778
4 0.486849 0.847222 0.014323 0.062037
7 0.402995 0.764120 0.011198 0.029167
4 0.671484 0.239120 0.024740 0.022685
1 0.608073 0.148611 0.070312 0.066667
0 0.137670 0.567227 0.061453 0.055462
0 0.053472 0.545378 0.063847 0.055462
0 0.076217 0.451261 0.059856 0.055462
5 0.430966 0.666387 0.019154 0.025210
7 0.431764 0.651261 0.009577 0.021849
