0 0.489583 0.256944 0.031250 0.107407
0 0.616536 0.448843 0.059635 0.042130
0 0.678776 0.250463 0.059635 0.049074
0 0.838802 0.392824 0.044792 0.108796
0 0.468099 0.849537 0.026302 0.105556
0 0.517578 0.890278 0.027865 0.112037
1 0.603385 0.122685 0.068750 0.066667
5 0.902214 0.516898 0.023177 0.022685
4 0.780599 0.307407 0.015885 0.038889
4 0.691927 0.438889 0.025521 0.019444
5 0.559766 0.438194 0.023177 0.020833
7 0.606250 0.321991 0.011979 0.016204
7 0.329948 0.426157 0.016667 0.016204
4 0.483333 0.961806 0.013542 0.050463
4 0.515495 0.703241 0.014323 0.047222
4 0.536328 0.683796 0.014323 0.047222
5 0.470182 0.691898 0.011198 0.031019
5 0.430469 0.748843 0.010417 0.043981
7 0.423438 0.345602 0.008854 0.014352
5 0.589714 0.405556 0.017448 0.014815
4 0.320312 0.419444 0.029167 0.019444
0 0.683160 0.310084 0.062251 0.048739
7 0.558659 0.073950 0.011173 0.026891
