0 0.679167 0.311343 0.064062 0.050463
0 0.740234 0.427778 0.045573 0.051852
1 0.657292 0.444676 0.064583 0.043981
0 0.499609 0.242361 0.027344 0.097685
1 0.599740 0.123611 0.069271 0.068519
1 0.446094 0.125231 0.025521 0.123611
0 0.517969 0.692824 0.022396 0.097685
0 0.518750 0.874769 0.027083 0.081019
5 0.863932 0.352083 0.020052 0.027315
4 0.572135 0.460880 0.022396 0.024537
7 0.573438 0.331713 0.007292 0.016204
7 0.577734 0.346528 0.012760 0.016204
7 0.421875 0.186343 0.010417 0.031019
7 0.243359 0.394444 0.014323 0.021296
7 0.555068 0.074790 0.008779 0.025210
