7 0.099362 0.509756 0.023144 0.027642
7 0.391860 0.697561 0.007981 0.019512
7 0.403033 0.701626 0.009577 0.017886
7 0.404230 0.762602 0.008779 0.022764
7 0.975658 0.408943 0.018356 0.017886
0 0.697526 0.279675 0.052674 0.039024
0 0.670790 0.326016 0.058260 0.060163
0 0.487630 0.043902 0.025539 0.084553
1 0.450918 0.145528 0.028731 0.125203
1 0.605746 0.147967 0.076616 0.074797
7 0.613727 0.122764 0.009577 0.014634
4 0.670391 0.240650 0.028731 0.022764
4 0.753791 0.543089 0.026337 0.029268
4 0.544294 0.492683 0.019154 0.026016
5 0.472067 0.672358 0.019952 0.027642
4 0.378292 0.638211 0.022346 0.030894
7 0.764964 0.318699 0.013567 0.022764
