0 0.619010 0.450463 0.061458 0.045370
0 0.841927 0.334028 0.031771 0.115278
0 0.527083 0.139815 0.037500 0.110185
0 0.676693 0.252083 0.059115 0.042130
0 0.684375 0.309028 0.061458 0.052315
0 0.502865 0.695139 0.025521 0.102315
0 0.469661 0.901620 0.026302 0.112500
0 0.521094 0.948843 0.028646 0.095833
7 0.379818 0.401620 0.011198 0.026389
7 0.327604 0.431019 0.010417 0.019444
7 0.388281 0.662731 0.010417 0.024537
7 0.575781 0.274769 0.010417 0.019907
1 0.604167 0.121065 0.075000 0.063426
4 0.780208 0.304167 0.015104 0.038889
4 0.692318 0.435648 0.026302 0.025926
4 0.538281 0.724537 0.013542 0.047222
4 0.533984 0.802546 0.012760 0.043981
5 0.560677 0.440741 0.019792 0.019444
5 0.722266 0.540741 0.023698 0.021296
5 0.369010 0.521991 0.011979 0.045833
5 0.470964 0.740509 0.009635 0.043981
5 0.590625 0.405556 0.017708 0.014815
4 0.321224 0.419907 0.027344 0.022222
7 0.559457 0.077311 0.009577 0.023529
