0 0.471615 0.552083 0.025521 0.102315
0 0.832812 0.427546 0.056771 0.084722
0 0.682422 0.311343 0.063802 0.050463
0 0.675521 0.253704 0.056771 0.045370
0 0.504427 0.811343 0.027083 0.097685
1 0.470052 0.925231 0.027083 0.136574
4 0.672396 0.516204 0.026562 0.021296
4 0.670312 0.441435 0.022396 0.020833
5 0.560286 0.439120 0.017448 0.022685
7 0.633333 0.369907 0.010417 0.021296
7 0.422266 0.337500 0.009635 0.021296
4 0.484115 0.691204 0.011979 0.045370
4 0.468880 0.748843 0.008594 0.050463
1 0.602995 0.120370 0.069531 0.064815
5 0.450130 0.412963 0.011198 0.036111
0 0.531901 0.601852 0.037240 0.110185
7 0.332422 0.426852 0.015365 0.014815
7 0.384375 0.658565 0.010417 0.022685
4 0.778125 0.305787 0.014583 0.042130
5 0.930990 0.381250 0.018229 0.024537
5 0.588932 0.406481 0.019010 0.023148
4 0.317839 0.419444 0.026823 0.021296
0 0.614525 0.452101 0.059058 0.047059
7 0.558260 0.071429 0.011971 0.031933
