0 0.697526 0.287805 0.057462 0.039024
0 0.687550 0.339837 0.059856 0.048780
1 0.609338 0.158537 0.067837 0.063415
4 0.672785 0.245528 0.023943 0.026016
4 0.480846 0.439024 0.013567 0.042276
4 0.470870 0.561789 0.012769 0.047154
5 0.529928 0.139837 0.015962 0.042276
5 0.549082 0.939024 0.014366 0.047154
0 0.519154 0.855285 0.027933 0.117073
0 0.483240 0.897561 0.027933 0.104065
7 0.423783 0.743089 0.012769 0.019512
7 0.424581 0.773984 0.009577 0.022764
7 0.418595 0.380488 0.010375 0.026016
0 0.523543 0.662921 0.033520 0.109149
5 0.545491 0.791597 0.011971 0.033613
