0 0.695132 0.274797 0.054270 0.045528
0 0.487231 0.902439 0.027933 0.110569
0 0.489226 0.043902 0.027135 0.078049
1 0.450519 0.142276 0.029529 0.125203
1 0.603751 0.147154 0.069433 0.066667
7 0.754988 0.243089 0.014366 0.021138
7 0.523943 0.639024 0.010375 0.019512
7 0.526337 0.654472 0.011971 0.014634
7 0.403432 0.758537 0.008779 0.024390
4 0.454509 0.748780 0.010375 0.040650
4 0.477654 0.744715 0.011971 0.052033
5 0.600160 0.525203 0.019154 0.026016
7 0.249800 0.404878 0.011173 0.013008
7 0.249401 0.419512 0.015164 0.016260
7 0.614924 0.121951 0.010375 0.013008
0 0.504789 0.757143 0.023144 0.105882
