0 0.509178 0.075610 0.033520 0.099187
0 0.679569 0.304065 0.061453 0.052033
0 0.499601 0.656098 0.025539 0.108943
0 0.500000 0.865854 0.026337 0.102439
0 0.470072 0.781301 0.023943 0.092683
1 0.599362 0.121138 0.070231 0.060163
7 0.552674 0.103252 0.008779 0.024390
5 0.733440 0.277236 0.012769 0.030894
7 0.964086 0.360163 0.015962 0.017886
5 0.925778 0.391057 0.017558 0.017886
4 0.582203 0.447967 0.023144 0.021138
5 0.591381 0.403252 0.022346 0.016260
4 0.534318 0.683740 0.010375 0.043902
7 0.556265 0.068908 0.009577 0.020168
