0 0.681165 0.311382 0.066241 0.043902
0 0.503990 0.747154 0.019952 0.108943
0 0.505587 0.888618 0.026337 0.105691
0 0.472466 0.923577 0.025539 0.110569
4 0.468476 0.753659 0.012769 0.050407
4 0.470072 0.425203 0.022346 0.047154
1 0.600958 0.124390 0.070231 0.056911
1 0.447725 0.125203 0.028731 0.133333
7 0.592179 0.200000 0.011173 0.026016
7 0.574222 0.339837 0.007183 0.019512
7 0.575020 0.321951 0.008779 0.013008
5 0.125299 0.427642 0.019154 0.026016
4 0.538707 0.755285 0.011173 0.047154
5 0.600958 0.570732 0.015962 0.026016
7 0.736233 0.567480 0.010375 0.019512
7 0.753791 0.565041 0.010375 0.014634
5 0.580208 0.429268 0.019154 0.022764
