0 0.696329 0.287805 0.053472 0.045528
0 0.688348 0.339837 0.058260 0.045528
1 0.605746 0.153659 0.070231 0.060163
7 0.595770 0.208943 0.013567 0.017886
4 0.670391 0.245528 0.027135 0.022764
4 0.694733 0.539024 0.024741 0.027642
0 0.967279 0.511382 0.059058 0.050407
0 0.514366 0.773984 0.027933 0.100813
0 0.518755 0.930081 0.027135 0.117073
0 0.482841 0.945528 0.023943 0.095935
4 0.479250 0.738211 0.013567 0.045528
4 0.475259 0.816260 0.013567 0.055285
7 0.416201 0.762602 0.008779 0.019512
7 0.417398 0.739024 0.011173 0.021138
7 0.399042 0.733333 0.009577 0.022764
4 0.443336 0.545528 0.024741 0.034146
5 0.949721 0.426829 0.023943 0.024390
5 0.547087 0.672358 0.016760 0.040650
