4 0.910615 0.422764 0.028731 0.019512
0 0.754589 0.427642 0.059856 0.052033
4 0.776935 0.300813 0.016760 0.032520
5 0.735435 0.276423 0.010375 0.035772
4 0.654030 0.437398 0.021548 0.022764
0 0.590583 0.452033 0.059058 0.045528
5 0.586991 0.403252 0.018356 0.019512
0 0.675978 0.248780 0.059058 0.045528
0 0.681165 0.306504 0.061453 0.043902
1 0.602554 0.119512 0.070231 0.060163
7 0.745411 0.233333 0.011173 0.017886
7 0.682362 0.159350 0.009577 0.022764
5 0.557462 0.591870 0.011971 0.022764
0 0.484836 0.375610 0.026337 0.104065
4 0.316441 0.413821 0.024741 0.024390
7 0.675180 0.268908 0.014366 0.023529
7 0.557861 0.071429 0.011173 0.021849
