5 0.407031 0.675694 0.017708 0.031019
1 0.488411 0.164120 0.033594 0.136574
0 0.492839 0.440509 0.029427 0.091204
0 0.497526 0.672454 0.027865 0.102315
0 0.475651 0.961806 0.020573 0.069907
0 0.536328 0.830787 0.027344 0.104167
1 0.606901 0.143056 0.071094 0.071296
1 0.450521 0.143287 0.032813 0.123611
7 0.615625 0.121759 0.010417 0.019444
7 0.713802 0.223611 0.015104 0.017593
7 0.927083 0.302546 0.013542 0.016204
4 0.672266 0.235648 0.024740 0.025926
4 0.595703 0.487037 0.020052 0.024074
4 0.377995 0.636574 0.024740 0.024074
7 0.402604 0.760880 0.011979 0.029167
0 0.696745 0.281250 0.054427 0.045833
5 0.083799 0.586555 0.015962 0.020168
