0 0.741820 0.456098 0.059856 0.050407
0 0.503192 0.619512 0.026337 0.094309
0 0.521548 0.839837 0.026337 0.108943
0 0.466480 0.878862 0.024741 0.099187
0 0.693136 0.260976 0.053472 0.043902
7 0.395850 0.686992 0.011173 0.017886
4 0.612131 0.532520 0.027135 0.024390
7 0.729050 0.380488 0.011971 0.016260
7 0.720271 0.390244 0.011971 0.016260
1 0.602155 0.127642 0.069433 0.063415
7 0.536712 0.100813 0.008779 0.019512
1 0.447326 0.119512 0.026337 0.108943
4 0.509577 0.181301 0.011971 0.043902
4 0.368715 0.573984 0.023943 0.026016
4 0.473264 0.120325 0.015962 0.042276
4 0.488827 0.307317 0.015164 0.045528
7 0.454908 0.185366 0.011173 0.019512
