0 0.693536 0.278862 0.055866 0.047154
0 0.503591 0.756098 0.027135 0.097561
0 0.487231 0.901626 0.029529 0.102439
0 0.541101 0.955285 0.027135 0.079675
7 0.614924 0.582114 0.011971 0.019512
7 0.620910 0.600813 0.012769 0.017886
7 0.403432 0.758537 0.008779 0.027642
4 0.453711 0.749593 0.015164 0.039024
4 0.477654 0.744715 0.013567 0.048780
7 0.221468 0.424390 0.016760 0.019512
7 0.221468 0.407317 0.016760 0.011382
1 0.604549 0.143902 0.071030 0.063415
1 0.449322 0.147154 0.028731 0.118699
7 0.611333 0.120325 0.007981 0.016260
7 0.754589 0.245528 0.011971 0.022764
5 0.550678 0.655285 0.012769 0.039024
4 0.491620 0.404878 0.020750 0.045528
