0 0.854749 0.523577 0.060654 0.052033
0 0.697127 0.288618 0.051875 0.043902
0 0.687151 0.339837 0.060654 0.045528
0 0.518356 0.934146 0.029529 0.118699
0 0.483639 0.947154 0.027135 0.092683
4 0.480048 0.742276 0.013567 0.043902
4 0.475658 0.817073 0.012769 0.053659
4 0.674381 0.244715 0.028731 0.021138
1 0.606145 0.152033 0.069433 0.063415
7 0.466480 0.203252 0.015164 0.026016
4 0.069034 0.549593 0.026337 0.029268
7 0.420192 0.745528 0.008779 0.014634
7 0.418595 0.765854 0.008779 0.019512
0 0.513168 0.769919 0.027135 0.102439
5 0.547885 0.973171 0.018356 0.050407
5 0.547885 0.673171 0.016760 0.039024
