0 0.692737 0.268293 0.054270 0.045528
0 0.496808 0.869106 0.031125 0.115447
0 0.429370 0.596748 0.062251 0.055285
1 0.449721 0.134146 0.029529 0.118699
1 0.602554 0.134146 0.070231 0.063415
4 0.480846 0.386179 0.015164 0.043902
4 0.477255 0.229268 0.011173 0.035772
4 0.474860 0.112195 0.012769 0.045528
7 0.301277 0.443902 0.016760 0.022764
7 0.433360 0.712195 0.012769 0.019512
4 0.521548 0.749593 0.013567 0.048780
4 0.525539 0.830081 0.011971 0.047154
7 0.449322 0.986179 0.011173 0.021138
7 0.802873 0.568293 0.014366 0.021138
