1 0.447656 0.126852 0.028646 0.120370
1 0.602604 0.120370 0.070312 0.064815
0 0.683203 0.310648 0.065365 0.049074
0 0.588281 0.443056 0.047917 0.043519
1 0.407031 0.482870 0.060417 0.045370
0 0.506380 0.752083 0.026302 0.106019
4 0.732552 0.512037 0.022396 0.025926
4 0.202344 0.468287 0.021354 0.026389
5 0.552604 0.334954 0.011979 0.042130
7 0.577344 0.326157 0.007292 0.018056
7 0.579818 0.347222 0.007031 0.021296
7 0.395052 0.682176 0.007812 0.020833
7 0.400651 0.694213 0.009635 0.016204
5 0.436589 0.900000 0.011198 0.040741
5 0.335547 0.418750 0.024740 0.014352
7 0.556265 0.074790 0.009577 0.021849
