1 0.448047 0.117824 0.029427 0.118981
1 0.602604 0.116435 0.070312 0.063426
0 0.682031 0.307407 0.063021 0.055556
0 0.461979 0.487963 0.047917 0.094444
0 0.517578 0.835648 0.027865 0.100926
1 0.482031 0.880556 0.030208 0.109259
4 0.575911 0.457639 0.024740 0.024537
7 0.497266 0.272454 0.012760 0.018056
7 0.514714 0.279630 0.011198 0.019444
7 0.132422 0.414815 0.017448 0.025926
4 0.404687 0.536574 0.023958 0.029630
7 0.547526 0.092593 0.011198 0.025926
7 0.414193 0.309722 0.009635 0.024074
7 0.557861 0.068067 0.011173 0.028571
5 0.737430 0.277311 0.011173 0.040336
7 0.732243 0.278992 0.010375 0.026891
