0 0.693536 0.277236 0.052674 0.040650
0 0.505188 0.753659 0.022346 0.095935
0 0.488428 0.907317 0.027135 0.107317
0 0.166401 0.563415 0.061453 0.050407
0 0.090982 0.578862 0.060654 0.055285
0 0.361133 0.603252 0.061453 0.048780
7 0.613727 0.121138 0.009577 0.014634
1 0.606145 0.144715 0.072626 0.065041
4 0.476856 0.742276 0.015164 0.043902
4 0.458500 0.909756 0.011971 0.040650
7 0.369513 0.428455 0.007981 0.021138
7 0.376297 0.420325 0.007183 0.014634
7 0.432961 0.204878 0.008779 0.026016
1 0.450918 0.142276 0.030327 0.105691
5 0.981644 0.407317 0.025539 0.024390
7 0.402235 0.753659 0.009577 0.024390
