4 0.457292 0.402315 0.016146 0.053704
4 0.918620 0.647222 0.011198 0.051852
0 0.541406 0.106481 0.034375 0.125000
0 0.371224 0.458565 0.060677 0.055093
0 0.170313 0.572222 0.061458 0.051852
0 0.120573 0.419444 0.076563 0.055556
0 0.740625 0.736574 0.065625 0.071296
0 0.807552 0.785417 0.051042 0.065278
0 0.963281 0.884491 0.064062 0.078241
1 0.540755 0.238889 0.030990 0.133333
4 0.756250 0.521991 0.013542 0.058796
4 0.770964 0.548843 0.011198 0.056944
7 0.362370 0.204861 0.011198 0.022685
1 0.861931 0.618487 0.078212 0.090756
