4 0.440495 0.449769 0.012760 0.069907
4 0.925391 0.639120 0.016927 0.058796
0 0.539062 0.083102 0.032813 0.120833
0 0.165234 0.565046 0.063802 0.050463
0 0.114453 0.412963 0.072656 0.051852
0 0.746224 0.723611 0.063802 0.075000
0 0.814844 0.771759 0.057292 0.073148
0 0.966927 0.874537 0.066146 0.093519
1 0.868750 0.604167 0.079167 0.092593
1 0.538672 0.221296 0.035156 0.139815
7 0.569922 0.190278 0.009635 0.019444
7 0.362760 0.192593 0.013542 0.021296
7 0.418229 0.269213 0.007812 0.024537
7 0.410286 0.286343 0.009115 0.017130
7 0.409115 0.303009 0.006771 0.016204
4 0.545833 0.466667 0.028646 0.042593
