4 0.917797 0.657724 0.014366 0.056911
1 0.542298 0.245528 0.034318 0.143089
1 0.861532 0.619512 0.075818 0.097561
0 0.962091 0.884553 0.067837 0.074797
0 0.810854 0.791870 0.059058 0.074797
0 0.745012 0.738211 0.059856 0.068293
0 0.540702 0.097561 0.034318 0.110569
0 0.124102 0.428455 0.072626 0.050407
0 0.173184 0.577236 0.063847 0.048780
7 0.449721 0.795122 0.011971 0.019512
4 0.762171 0.518699 0.011173 0.052033
4 0.773743 0.536585 0.010375 0.061789
7 0.474461 0.734454 0.008779 0.020168
7 0.484038 0.735294 0.007183 0.021849
