4 0.470052 0.785417 0.017708 0.055093
4 0.462891 0.380556 0.012760 0.062037
4 0.924479 0.661806 0.011979 0.058796
1 0.544271 0.251852 0.030208 0.139815
1 0.865104 0.634028 0.084375 0.091204
0 0.578906 0.527546 0.063021 0.069907
0 0.542448 0.113194 0.031250 0.125463
0 0.393490 0.546296 0.067187 0.058333
0 0.168750 0.587963 0.063021 0.053704
0 0.122135 0.428472 0.078125 0.050463
0 0.748047 0.748611 0.066927 0.073148
0 0.814714 0.799306 0.056510 0.071759
0 0.967318 0.895833 0.063802 0.068519
4 0.778255 0.553704 0.012760 0.066667
4 0.762109 0.525926 0.012760 0.053704
