4 0.932163 0.667480 0.011173 0.053659
1 0.546688 0.231707 0.030327 0.144715
1 0.874701 0.623577 0.079808 0.082927
0 0.166401 0.581301 0.072626 0.056911
0 0.118516 0.424390 0.075818 0.058537
0 0.450519 0.386992 0.050279 0.113821
0 0.544693 0.092683 0.031125 0.110569
0 0.754190 0.746341 0.067039 0.071545
0 0.821628 0.796748 0.056664 0.074797
0 0.972865 0.887805 0.049481 0.068293
7 0.554669 0.917073 0.012769 0.016260
4 0.770551 0.525203 0.010375 0.058537
4 0.782522 0.574797 0.010375 0.047154
7 0.555068 0.855462 0.011971 0.023529
