4 0.921354 0.645602 0.015104 0.055093
0 0.963672 0.874769 0.064844 0.081019
0 0.811589 0.781250 0.065365 0.076389
0 0.738672 0.728472 0.074219 0.078241
0 0.533073 0.088657 0.031771 0.128241
0 0.150000 0.587963 0.079687 0.047222
0 0.106641 0.429398 0.078906 0.056944
1 0.533594 0.225926 0.040625 0.146296
1 0.554167 0.506481 0.088542 0.079630
1 0.864714 0.608102 0.083594 0.081019
5 0.429297 0.223380 0.014323 0.050463
5 0.234245 0.439815 0.034115 0.017593
4 0.184375 0.532407 0.031771 0.014815
4 0.426172 0.612269 0.014323 0.043981
4 0.445703 0.640741 0.026302 0.062037
7 0.347266 0.200694 0.012760 0.024537
