4 0.917448 0.667593 0.018229 0.066667
1 0.543490 0.250463 0.034896 0.133333
1 0.862370 0.634954 0.082031 0.089352
0 0.542448 0.115509 0.029687 0.123611
0 0.699479 0.661806 0.063021 0.058796
0 0.742578 0.748843 0.067969 0.076389
0 0.807682 0.792824 0.060677 0.076389
0 0.964063 0.894444 0.065625 0.081481
0 0.171094 0.584722 0.064583 0.047222
0 0.122526 0.434954 0.074219 0.050463
4 0.757031 0.528472 0.010417 0.052315
4 0.771745 0.560185 0.012760 0.047222
7 0.534375 0.847917 0.008854 0.014352
5 0.505469 0.805556 0.011979 0.040741
