4 0.919401 0.674769 0.015885 0.052315
1 0.548307 0.504861 0.076823 0.080093
1 0.543099 0.250231 0.027865 0.136574
1 0.862760 0.632639 0.082812 0.097685
0 0.964063 0.896759 0.065625 0.066667
0 0.815495 0.802315 0.055469 0.073148
0 0.747396 0.753009 0.064583 0.078241
0 0.733464 0.616204 0.065365 0.081481
0 0.541927 0.107176 0.025521 0.104167
0 0.167578 0.588657 0.062240 0.061574
0 0.120182 0.430787 0.071094 0.055093
4 0.692318 0.741435 0.030990 0.032870
5 0.563802 0.165046 0.011979 0.046759
7 0.567057 0.114583 0.010156 0.018056
