0 0.108594 0.431713 0.075000 0.050463
0 0.528255 0.089583 0.033594 0.104167
0 0.740625 0.731713 0.067708 0.078241
0 0.806901 0.779398 0.063802 0.075463
0 0.965234 0.880787 0.069531 0.093056
4 0.917057 0.642361 0.014323 0.061574
5 0.870703 0.777083 0.038281 0.022685
4 0.800130 0.713889 0.038281 0.032407
4 0.439323 0.230093 0.013542 0.053704
4 0.472917 0.505093 0.016667 0.066667
1 0.530339 0.231019 0.029427 0.139815
1 0.692708 0.578009 0.079687 0.089352
1 0.856771 0.606481 0.079167 0.090741
5 0.397396 0.383565 0.023958 0.038426
0 0.161213 0.580672 0.065443 0.058824
