4 0.924870 0.644676 0.012760 0.069907
0 0.968490 0.880093 0.063021 0.085185
0 0.816016 0.778009 0.053385 0.063426
0 0.749349 0.732407 0.063802 0.066667
0 0.660417 0.623611 0.066146 0.066667
0 0.538802 0.091898 0.029167 0.121759
0 0.214583 0.477083 0.073438 0.056944
0 0.168359 0.578935 0.063802 0.042130
0 0.117318 0.418519 0.070052 0.047222
1 0.539062 0.233333 0.032813 0.137963
1 0.866016 0.607176 0.083073 0.089352
1 0.834375 0.672222 0.079167 0.086111
7 0.230208 0.360185 0.008854 0.014815
7 0.232943 0.376389 0.011198 0.014815
