4 0.929427 0.637500 0.015104 0.064815
0 0.162891 0.571528 0.065365 0.053241
0 0.539453 0.081713 0.032031 0.107870
0 0.747005 0.727778 0.065365 0.073148
0 0.816927 0.779861 0.058333 0.069907
0 0.969661 0.873148 0.055990 0.071296
7 0.520833 0.025231 0.010417 0.014352
7 0.557552 0.074769 0.010417 0.022685
7 0.362370 0.195833 0.014323 0.027778
1 0.539714 0.226157 0.033073 0.156019
1 0.871484 0.609722 0.078385 0.094444
1 0.451693 0.859491 0.041406 0.142130
7 0.388672 0.339815 0.008073 0.019444
7 0.373958 0.339815 0.008854 0.016667
0 0.113328 0.413445 0.075020 0.057143
