4 0.921745 0.668981 0.011198 0.053704
4 0.181901 0.530093 0.033594 0.029630
1 0.548307 0.242361 0.038281 0.136574
1 0.864583 0.640046 0.083333 0.099537
0 0.173698 0.582176 0.061458 0.042130
0 0.127214 0.427778 0.069531 0.051852
0 0.546615 0.102546 0.027083 0.104167
0 0.478516 0.374769 0.026302 0.118981
0 0.745833 0.750231 0.064583 0.069907
0 0.815234 0.803472 0.057552 0.069907
0 0.966927 0.899074 0.064583 0.075000
4 0.763281 0.530093 0.010417 0.045370
4 0.777344 0.554398 0.010937 0.045833
5 0.452083 0.758565 0.011979 0.040278
