4 0.925781 0.641435 0.013021 0.076389
4 0.258464 0.444676 0.038281 0.031019
0 0.968099 0.875463 0.060677 0.079630
0 0.817318 0.776389 0.059115 0.073148
0 0.748568 0.725926 0.068490 0.079630
0 0.538932 0.088194 0.035677 0.127315
0 0.164974 0.571759 0.066406 0.050000
0 0.114062 0.412963 0.076563 0.051852
1 0.540625 0.225231 0.035937 0.144907
1 0.868750 0.604861 0.082292 0.091204
7 0.420573 0.107407 0.006250 0.032407
7 0.409115 0.118519 0.013542 0.019444
5 0.185938 0.531019 0.033333 0.021296
7 0.551042 0.425231 0.010417 0.018056
