4 0.920990 0.664228 0.017558 0.069919
1 0.545491 0.239837 0.032721 0.131707
0 0.173184 0.579675 0.063847 0.050407
0 0.124501 0.426829 0.071828 0.050407
0 0.542698 0.100813 0.027135 0.104065
0 0.747406 0.741463 0.061453 0.068293
0 0.813647 0.787805 0.051875 0.069919
0 0.965682 0.886992 0.065443 0.073171
7 0.418994 0.500813 0.009577 0.029268
7 0.393456 0.532520 0.009577 0.021138
7 0.385874 0.238211 0.010375 0.024390
4 0.762171 0.513821 0.012769 0.058537
4 0.974062 0.752033 0.027933 0.040650
1 0.863927 0.623529 0.082203 0.094118
