4 0.920591 0.665041 0.013567 0.065041
1 0.544693 0.242276 0.031125 0.139837
1 0.864725 0.629268 0.079010 0.097561
0 0.170790 0.578862 0.065443 0.048780
0 0.122506 0.426829 0.067837 0.050407
0 0.541101 0.104878 0.025539 0.108943
0 0.747805 0.746341 0.063847 0.078049
0 0.812051 0.794309 0.053472 0.060163
0 0.964086 0.891870 0.063847 0.073171
7 0.417797 0.329268 0.013567 0.021138
7 0.371109 0.213821 0.014366 0.017886
7 0.568236 0.207317 0.011173 0.024390
7 0.570231 0.243902 0.011971 0.016260
4 0.761772 0.519512 0.011971 0.053659
7 0.441740 0.872269 0.010375 0.023529
