4 0.547087 0.463415 0.029529 0.045528
4 0.497606 0.187805 0.011971 0.060163
4 0.921788 0.639837 0.015962 0.066667
0 0.535515 0.089431 0.025539 0.117073
0 0.462889 0.555285 0.067039 0.053659
0 0.166800 0.583740 0.062251 0.052033
0 0.116919 0.426829 0.069433 0.053659
0 0.745012 0.733333 0.066241 0.078049
0 0.813248 0.780488 0.057462 0.061789
0 0.968077 0.878049 0.062251 0.078049
7 0.248204 0.374797 0.009577 0.027642
1 0.537510 0.235772 0.031125 0.139837
1 0.867518 0.608943 0.078212 0.082927
4 0.454110 0.065041 0.009577 0.048780
