4 0.917057 0.669907 0.011198 0.062037
1 0.539844 0.257639 0.034375 0.141204
1 0.858594 0.628009 0.084375 0.098611
1 0.667188 0.576852 0.078125 0.093519
0 0.538411 0.112500 0.031510 0.117593
0 0.457292 0.430787 0.060417 0.110648
0 0.120182 0.434259 0.071094 0.051852
0 0.168750 0.586111 0.063021 0.047222
0 0.739844 0.747222 0.067187 0.073148
0 0.806771 0.800463 0.063542 0.078704
0 0.959115 0.893981 0.067187 0.082407
4 0.683464 0.742361 0.027865 0.031019
5 0.559896 0.261111 0.008854 0.047222
7 0.569401 0.222685 0.008594 0.019444
