7 0.687442 0.333977 0.012004 0.019305
0 0.560480 0.357143 0.040628 0.077220
0 0.114035 0.698842 0.054478 0.050193
4 0.500923 0.830116 0.013850 0.057915
4 0.685134 0.314672 0.022161 0.023166
7 0.793629 0.185328 0.012004 0.023166
0 0.958500 0.059664 0.039904 0.115966
7 0.875499 0.221849 0.015962 0.020168
7 0.871508 0.240336 0.017558 0.020168
7 0.884278 0.243697 0.015962 0.020168
0 0.905826 0.233613 0.063847 0.057143
0 0.700319 0.360504 0.061453 0.048739
5 0.558659 0.189076 0.014366 0.045378
7 0.474461 0.018487 0.011971 0.026891
0 0.461293 0.480672 0.027135 0.104202
7 0.298883 0.701681 0.013567 0.021849
0 0.307263 0.724370 0.073424 0.050420
0 0.219473 0.709244 0.060654 0.040336
