7 0.857802 0.250965 0.020314 0.019305
7 0.860572 0.222973 0.012927 0.021236
7 0.743306 0.163127 0.016620 0.025097
7 0.296399 0.689189 0.014774 0.015444
7 0.272853 0.743243 0.017544 0.027027
5 0.539705 0.397683 0.017544 0.030888
0 0.454755 0.472973 0.024931 0.104247
0 0.302401 0.713320 0.072946 0.048263
0 0.111265 0.690154 0.054478 0.052124
0 0.946528 0.059664 0.036712 0.112605
0 0.897047 0.232773 0.059058 0.052101
0 0.692737 0.353782 0.059058 0.048739
0 0.593775 0.373950 0.055866 0.078992
0 0.216680 0.697479 0.059856 0.043697
