7 0.897045 0.194015 0.015697 0.025097
7 0.898892 0.163127 0.017544 0.021236
7 0.743767 0.158301 0.015697 0.027027
7 0.274238 0.682432 0.011080 0.025097
4 0.499077 0.787645 0.015697 0.050193
0 0.945983 0.055985 0.030471 0.104247
0 0.563250 0.257722 0.048015 0.052124
0 0.591413 0.369691 0.050785 0.079151
0 0.297322 0.715251 0.072022 0.052124
0 0.104801 0.688224 0.054478 0.052124
7 0.532318 0.431467 0.010157 0.021236
0 0.691141 0.347059 0.060654 0.052101
0 0.452115 0.469748 0.027933 0.102521
0 0.212690 0.693277 0.063049 0.045378
