7 0.519852 0.811776 0.012927 0.028958
7 0.421053 0.787645 0.012927 0.030888
7 0.428901 0.897683 0.013850 0.038610
7 0.564635 0.370656 0.013850 0.023166
7 0.726223 0.332046 0.013850 0.030888
0 0.307941 0.723938 0.072946 0.050193
0 0.959697 0.057983 0.039106 0.112605
7 0.879090 0.223529 0.021548 0.020168
7 0.877494 0.234454 0.018356 0.018487
7 0.883081 0.243697 0.019952 0.020168
0 0.907821 0.231092 0.061453 0.052101
0 0.701516 0.355462 0.062251 0.052101
0 0.492817 0.503361 0.026337 0.105882
0 0.460894 0.478992 0.027933 0.100840
7 0.296488 0.703361 0.011971 0.025210
0 0.219473 0.706723 0.063847 0.042017
0 0.113328 0.695798 0.059058 0.053782
