7 0.524007 0.653475 0.012004 0.021236
7 0.287627 0.683398 0.012004 0.019305
7 0.898430 0.194981 0.014774 0.019305
7 0.896584 0.177606 0.012927 0.019305
4 0.463066 0.705598 0.013850 0.055985
4 0.409511 0.775097 0.030471 0.025097
0 0.943675 0.053089 0.036934 0.106178
0 0.686057 0.341699 0.059095 0.050193
0 0.589104 0.360039 0.053555 0.075290
0 0.208680 0.685328 0.055402 0.050193
0 0.102155 0.678992 0.057462 0.050420
0 0.294493 0.703361 0.076616 0.052101
1 0.361931 0.741176 0.072626 0.073950
0 0.469673 0.867227 0.027933 0.100840
0 0.448524 0.463025 0.028731 0.102521
5 0.469673 0.479832 0.010375 0.042017
4 0.538308 0.168908 0.013567 0.055462
7 0.708699 0.392437 0.012769 0.021849
0 0.891061 0.219328 0.059856 0.055462
