7 0.876270 0.219112 0.018467 0.021236
7 0.296861 0.697876 0.015697 0.025097
4 0.557248 0.283784 0.026777 0.042471
4 0.765466 0.329151 0.024007 0.028958
4 0.475993 0.909266 0.017544 0.061776
0 0.953711 0.058824 0.038308 0.117647
7 0.878292 0.240336 0.018356 0.026891
0 0.903033 0.231933 0.059856 0.053782
7 0.749800 0.360504 0.016760 0.021849
0 0.697925 0.356303 0.061453 0.050420
5 0.501995 0.051261 0.012769 0.048739
5 0.487231 0.067227 0.011971 0.050420
0 0.460495 0.477311 0.028731 0.107563
0 0.305267 0.718487 0.075818 0.052101
0 0.218675 0.702521 0.059058 0.040336
0 0.112929 0.690756 0.056664 0.053782
