7 0.507387 0.839768 0.010157 0.034749
4 0.821791 0.336873 0.031394 0.032819
4 0.318560 0.758687 0.031394 0.030888
0 0.451062 0.465251 0.026777 0.100386
0 0.297322 0.703668 0.072022 0.052124
0 0.942538 0.053782 0.041500 0.100840
7 0.905826 0.156303 0.020750 0.026891
7 0.896249 0.192437 0.019154 0.021849
0 0.893057 0.216807 0.060654 0.053782
7 0.739026 0.155462 0.015962 0.031933
0 0.687949 0.342017 0.059058 0.048739
0 0.589785 0.362185 0.057462 0.082353
5 0.496010 0.784874 0.013567 0.043697
0 0.418994 0.784034 0.057462 0.052101
7 0.250200 0.676471 0.010375 0.018487
0 0.211492 0.687395 0.060654 0.043697
0 0.105746 0.678151 0.056664 0.052101
