0 0.313932 0.719907 0.072135 0.048148
0 0.227995 0.706481 0.059115 0.042593
0 0.120443 0.696991 0.058073 0.050463
0 0.457031 0.730787 0.047917 0.098611
4 0.516146 0.733796 0.013021 0.046296
4 0.493490 0.324306 0.015625 0.050463
4 0.577083 0.311806 0.026042 0.036574
4 0.767318 0.345370 0.022135 0.023148
7 0.304688 0.701620 0.016667 0.029167
7 0.692969 0.325463 0.011979 0.021296
7 0.756771 0.363889 0.011979 0.025000
7 0.878125 0.227778 0.018229 0.019444
7 0.877095 0.247059 0.022346 0.026891
0 0.701516 0.360504 0.063847 0.052101
4 0.557462 0.371429 0.018356 0.043697
0 0.465682 0.480672 0.027933 0.100840
0 0.905826 0.235294 0.060654 0.057143
0 0.956903 0.060504 0.039904 0.114286
