7 0.730379 0.360039 0.009234 0.028958
7 0.524007 0.510618 0.015697 0.028958
7 0.286704 0.689189 0.015697 0.030888
0 0.686057 0.348456 0.059095 0.044402
0 0.296399 0.711390 0.070175 0.052124
0 0.104150 0.685714 0.056664 0.050420
0 0.208699 0.692437 0.059856 0.040336
1 0.434956 0.709244 0.062251 0.114286
0 0.448524 0.467227 0.028731 0.104202
0 0.488029 0.279832 0.029529 0.112605
0 0.487231 0.050420 0.026337 0.100840
0 0.938947 0.056303 0.039106 0.105882
7 0.894653 0.198319 0.019154 0.020168
7 0.894254 0.183193 0.019952 0.020168
0 0.889864 0.222689 0.060654 0.055462
0 0.588587 0.367227 0.056664 0.082353
