7 0.296861 0.700772 0.017544 0.023166
0 0.460757 0.477799 0.025854 0.102317
4 0.503232 0.403475 0.014774 0.054054
4 0.736842 0.322394 0.025854 0.030888
0 0.958101 0.056303 0.037510 0.112605
7 0.882682 0.242857 0.017558 0.021849
7 0.881883 0.217647 0.015962 0.021849
7 0.864725 0.343697 0.015164 0.025210
0 0.905826 0.233613 0.062251 0.053782
7 0.752195 0.364706 0.013567 0.020168
0 0.699920 0.356303 0.060654 0.050420
4 0.506784 0.032773 0.012769 0.055462
0 0.305666 0.723529 0.076616 0.055462
0 0.218675 0.705882 0.062251 0.043697
0 0.113727 0.696639 0.058260 0.052101
