7 0.564193 0.264352 0.012760 0.023148
7 0.571615 0.268287 0.007292 0.015278
7 0.582161 0.266204 0.010156 0.023148
7 0.607161 0.334954 0.010156 0.020833
7 0.623828 0.345370 0.010156 0.023148
7 0.580339 0.356019 0.013802 0.025000
5 0.658333 0.304167 0.026042 0.021296
0 0.596094 0.375463 0.056250 0.071296
0 0.116276 0.688194 0.051823 0.048611
7 0.296875 0.693981 0.014063 0.028704
0 0.945730 0.059664 0.041500 0.119328
0 0.895850 0.231092 0.059856 0.052101
7 0.875898 0.198319 0.018356 0.023529
0 0.693536 0.354622 0.060654 0.050420
5 0.523144 0.502521 0.011971 0.040336
0 0.458101 0.475630 0.027135 0.100840
0 0.306864 0.712605 0.074222 0.057143
0 0.220670 0.696639 0.059856 0.045378
4 0.843176 0.348739 0.023144 0.021849
