7 0.525854 0.420849 0.010157 0.019305
7 0.736380 0.298263 0.013850 0.025097
7 0.288550 0.684363 0.013850 0.021236
0 0.102031 0.683398 0.058172 0.050193
0 0.295014 0.708494 0.072946 0.057915
0 0.941740 0.052941 0.039904 0.105882
7 0.894254 0.196639 0.016760 0.020168
7 0.895850 0.183193 0.018356 0.020168
0 0.685954 0.345378 0.058260 0.048739
0 0.889465 0.221008 0.059856 0.052101
0 0.488428 0.048739 0.027135 0.097479
0 0.588188 0.366387 0.054270 0.080672
1 0.492019 0.450420 0.042298 0.131092
0 0.448524 0.466387 0.028731 0.102521
0 0.210295 0.692437 0.063049 0.043697
