4 0.847266 0.344444 0.023177 0.021296
7 0.874479 0.218981 0.020313 0.025000
7 0.588542 0.342593 0.011979 0.025000
7 0.295443 0.690972 0.011198 0.031019
5 0.407943 0.734722 0.024740 0.023148
5 0.436328 0.773148 0.021094 0.032407
0 0.597786 0.375463 0.050781 0.075000
0 0.305078 0.715278 0.071094 0.051852
0 0.112630 0.689120 0.055469 0.050463
0 0.458854 0.473843 0.023958 0.102315
0 0.952514 0.057143 0.039106 0.110924
0 0.900638 0.230252 0.063049 0.053782
7 0.650439 0.356303 0.012769 0.023529
7 0.730646 0.323529 0.011971 0.021849
0 0.696329 0.353782 0.059856 0.048739
0 0.217877 0.700840 0.060654 0.047059
