0 0.951524 0.059846 0.036011 0.111969
7 0.872576 0.230695 0.016620 0.028958
7 0.713758 0.403475 0.012927 0.023166
7 0.586334 0.171815 0.011080 0.019305
7 0.593721 0.155405 0.011080 0.021236
7 0.295014 0.696911 0.015697 0.019305
0 0.532779 0.303089 0.049861 0.073359
0 0.111265 0.691120 0.050785 0.046332
0 0.304469 0.715966 0.074222 0.047059
0 0.218675 0.698319 0.060654 0.042017
0 0.457702 0.476471 0.027933 0.105882
0 0.521149 0.066387 0.028731 0.105882
7 0.594573 0.178992 0.007981 0.015126
0 0.695930 0.357143 0.060654 0.048739
7 0.868316 0.281513 0.017558 0.021849
0 0.900239 0.232773 0.059058 0.052101
4 0.845172 0.348739 0.028731 0.028571
