7 0.894737 0.202703 0.018467 0.019305
7 0.717452 0.184363 0.020314 0.028958
7 0.288550 0.685328 0.013850 0.023166
4 0.867036 0.268340 0.027701 0.027027
0 0.589566 0.369691 0.050785 0.083012
0 0.298707 0.709459 0.072946 0.052124
0 0.106648 0.681467 0.058172 0.054054
0 0.213488 0.692437 0.061453 0.043697
0 0.450918 0.468908 0.027135 0.100840
7 0.432562 0.386555 0.011173 0.020168
0 0.687550 0.347059 0.061453 0.052101
7 0.740223 0.158824 0.011971 0.025210
0 0.890662 0.226891 0.060654 0.053782
7 0.898643 0.168908 0.017558 0.025210
0 0.940942 0.054622 0.036712 0.109244
4 0.820830 0.342017 0.031125 0.028571
