7 0.862419 0.217181 0.018467 0.025097
7 0.743767 0.166023 0.012004 0.027027
7 0.293167 0.694015 0.013850 0.025097
4 0.498615 0.533784 0.016620 0.055985
4 0.651431 0.241313 0.034164 0.027027
0 0.454294 0.475869 0.024007 0.102317
0 0.355032 0.760618 0.052632 0.046332
0 0.108033 0.688224 0.057248 0.048263
0 0.946528 0.058824 0.036712 0.110924
0 0.895052 0.231092 0.061453 0.052101
0 0.691141 0.353782 0.059058 0.048739
0 0.592977 0.373950 0.054270 0.082353
5 0.598164 0.229412 0.024741 0.021849
0 0.300878 0.719328 0.075020 0.050420
0 0.215084 0.699160 0.061453 0.043697
5 0.416600 0.842017 0.025539 0.036975
