7 0.867498 0.225869 0.017544 0.027027
7 0.609418 0.335907 0.011080 0.027027
7 0.621884 0.341699 0.010157 0.027027
5 0.520776 0.597490 0.011080 0.048263
0 0.598800 0.369691 0.056325 0.083012
7 0.298246 0.697876 0.012927 0.017375
0 0.309326 0.716216 0.072022 0.050193
0 0.946528 0.060504 0.039904 0.117647
0 0.896249 0.233613 0.062251 0.053782
0 0.693536 0.356303 0.060654 0.050420
5 0.583400 0.309244 0.019154 0.030252
7 0.579808 0.187395 0.008779 0.021849
7 0.573025 0.181513 0.009577 0.026891
7 0.585395 0.174790 0.011971 0.026891
0 0.458899 0.475630 0.027135 0.097479
0 0.117318 0.689916 0.057462 0.052101
0 0.221468 0.699160 0.061453 0.043697
4 0.842378 0.351261 0.024741 0.030252
