4 0.526777 0.107143 0.015697 0.059846
7 0.444598 0.416023 0.012004 0.028958
7 0.702216 0.321429 0.017544 0.017375
0 0.911819 0.230695 0.056325 0.059846
0 0.307941 0.725869 0.069252 0.054054
7 0.526777 0.797297 0.012004 0.030888
0 0.960894 0.056303 0.039904 0.112605
7 0.879090 0.206723 0.019952 0.020168
7 0.871508 0.242017 0.019154 0.020168
7 0.886273 0.238655 0.018356 0.020168
0 0.701516 0.354622 0.060654 0.050420
7 0.580208 0.396639 0.012769 0.020168
0 0.460495 0.478992 0.027135 0.104202
0 0.422187 0.792437 0.049481 0.048739
7 0.294094 0.708403 0.011971 0.018487
0 0.217478 0.708403 0.061453 0.045378
0 0.108939 0.696639 0.056664 0.055462
