7 0.526316 0.606178 0.012927 0.023166
4 0.239612 0.778958 0.041551 0.032819
1 0.387812 0.736486 0.070175 0.059846
0 0.485688 0.297297 0.025854 0.104247
0 0.473684 0.800193 0.029548 0.098456
0 0.210988 0.686293 0.058172 0.044402
7 0.287165 0.682432 0.011080 0.021236
0 0.939346 0.052941 0.041500 0.105882
7 0.894254 0.196639 0.018356 0.020168
7 0.895451 0.177311 0.017558 0.018487
0 0.685156 0.344538 0.059856 0.047059
7 0.711492 0.386555 0.011971 0.020168
0 0.586991 0.364706 0.058260 0.084034
0 0.448524 0.461345 0.028731 0.102521
4 0.494413 0.961345 0.013567 0.057143
4 0.468875 0.188235 0.011971 0.050420
5 0.480846 0.052101 0.011971 0.053782
0 0.889864 0.219328 0.062251 0.052101
0 0.294892 0.705882 0.077414 0.057143
0 0.104150 0.678151 0.058260 0.052101
