7 0.901200 0.168919 0.012927 0.025097
7 0.734534 0.332046 0.015697 0.023166
7 0.528624 0.704633 0.010157 0.015444
7 0.518006 0.765444 0.011080 0.021236
7 0.521237 0.743243 0.008310 0.011583
7 0.528163 0.747104 0.009234 0.019305
7 0.295476 0.690154 0.014774 0.021236
5 0.683287 0.265444 0.022161 0.021236
0 0.945522 0.057915 0.033241 0.115830
0 0.595568 0.376448 0.049861 0.081081
0 0.304709 0.717181 0.070175 0.052124
7 0.862330 0.204202 0.016760 0.025210
0 0.692737 0.355462 0.059058 0.048739
0 0.456105 0.476471 0.024741 0.105882
0 0.217478 0.700000 0.059856 0.045378
0 0.112131 0.690756 0.055068 0.053782
0 0.897446 0.233613 0.061453 0.053782
