7 0.740997 0.165058 0.012004 0.028958
7 0.899354 0.197876 0.012927 0.021236
7 0.896584 0.168919 0.014774 0.021236
7 0.444137 0.551158 0.014774 0.017375
7 0.292705 0.690154 0.012927 0.021236
0 0.592336 0.373552 0.050785 0.071429
0 0.508772 0.372587 0.038781 0.100386
0 0.109418 0.691120 0.052632 0.050193
0 0.944134 0.056303 0.038308 0.112605
0 0.893855 0.226891 0.060654 0.053782
0 0.814445 0.268908 0.053472 0.050420
0 0.690343 0.352101 0.059058 0.048739
0 0.454110 0.472269 0.028731 0.097479
0 0.301277 0.714286 0.074222 0.050420
0 0.216680 0.695798 0.059856 0.043697
