7 0.899354 0.193050 0.016620 0.019305
7 0.894737 0.161197 0.018467 0.025097
4 0.828717 0.244208 0.028624 0.032819
0 0.691136 0.346525 0.060018 0.052124
0 0.590489 0.367761 0.052632 0.090734
0 0.450600 0.468147 0.024007 0.102317
7 0.423823 0.646718 0.011080 0.023166
0 0.102953 0.688235 0.057462 0.055462
0 0.209098 0.694958 0.059058 0.042017
0 0.297686 0.712605 0.073424 0.050420
7 0.286911 0.692437 0.011971 0.023529
7 0.742219 0.154622 0.011173 0.026891
0 0.895451 0.220168 0.062251 0.053782
0 0.946528 0.052101 0.038308 0.100840
