7 0.584505 0.159259 0.005469 0.021296
7 0.580339 0.146759 0.012240 0.019444
7 0.875781 0.218981 0.019271 0.021296
0 0.218750 0.697685 0.057292 0.044444
0 0.956510 0.063426 0.039062 0.125926
7 0.575020 0.164706 0.015164 0.023529
0 0.904230 0.233613 0.060654 0.053782
7 0.877893 0.242017 0.020750 0.023529
7 0.716680 0.405882 0.014366 0.021849
0 0.698324 0.355462 0.059058 0.048739
0 0.547885 0.278992 0.051875 0.063866
0 0.515563 0.468908 0.025539 0.107563
0 0.458899 0.475630 0.027135 0.104202
5 0.479250 0.473950 0.013567 0.043697
7 0.295291 0.691597 0.014366 0.025210
0 0.304868 0.717647 0.075020 0.053782
0 0.112131 0.689916 0.056664 0.055462
4 0.848763 0.347899 0.029529 0.030252
