7 0.897917 0.202778 0.019271 0.026852
7 0.421094 0.722917 0.013021 0.017130
7 0.521745 0.960417 0.011198 0.020833
7 0.517057 0.977778 0.007552 0.021296
7 0.508203 0.976852 0.010156 0.015741
4 0.519401 0.281019 0.010156 0.048148
5 0.376693 0.775000 0.025781 0.021296
7 0.291797 0.688194 0.014844 0.025463
0 0.894271 0.230556 0.059896 0.048148
0 0.593229 0.373611 0.052604 0.083333
0 0.300130 0.713194 0.075781 0.056019
0 0.217318 0.694444 0.059635 0.049074
0 0.110417 0.686343 0.052604 0.048611
7 0.743416 0.350420 0.019952 0.021849
0 0.944134 0.058824 0.038308 0.114286
0 0.691141 0.353782 0.059058 0.048739
7 0.455706 0.216807 0.011173 0.023529
0 0.454908 0.473950 0.027135 0.104202
