7 0.903970 0.169884 0.014774 0.015444
4 0.656510 0.290541 0.036934 0.028958
0 0.893813 0.220077 0.059095 0.057915
7 0.281625 0.677606 0.011080 0.019305
0 0.295014 0.708494 0.071099 0.057915
0 0.207756 0.691120 0.060942 0.042471
0 0.102155 0.685714 0.057462 0.050420
7 0.336393 0.728571 0.011971 0.021849
0 0.468875 0.907563 0.026337 0.100840
0 0.448524 0.465546 0.027135 0.100840
0 0.478851 0.058824 0.027135 0.110924
0 0.588986 0.365546 0.055866 0.082353
0 0.686752 0.345378 0.059856 0.045378
7 0.737031 0.326050 0.016760 0.023529
7 0.901038 0.189916 0.012769 0.026891
0 0.941740 0.051261 0.035116 0.102521
