5 0.831948 0.244208 0.022161 0.021236
7 0.742382 0.159266 0.014774 0.028958
7 0.866113 0.203668 0.016620 0.021236
7 0.008310 0.728764 0.011080 0.017375
7 0.290397 0.690154 0.012004 0.021236
0 0.893813 0.225869 0.059095 0.050193
0 0.945983 0.056950 0.034164 0.106178
0 0.690212 0.351351 0.060018 0.046332
0 0.591874 0.369691 0.053555 0.079151
0 0.491690 0.513514 0.026777 0.100386
0 0.299631 0.713320 0.071099 0.044402
0 0.105746 0.689076 0.055068 0.050420
0 0.162011 0.747899 0.049481 0.047059
0 0.212690 0.698319 0.059856 0.042017
0 0.452514 0.472269 0.027135 0.104202
4 0.217877 0.788235 0.028731 0.020168
