7 0.865651 0.209459 0.017544 0.028958
7 0.289935 0.691120 0.012927 0.023166
7 0.041090 0.729730 0.019391 0.023166
4 0.777470 0.322394 0.024007 0.019305
0 0.298246 0.714286 0.073869 0.054054
7 0.743767 0.157336 0.013850 0.025097
0 0.104948 0.691597 0.058260 0.052101
0 0.211093 0.700840 0.059856 0.047059
0 0.349561 0.768908 0.049481 0.045378
0 0.453312 0.473109 0.027135 0.102521
0 0.569034 0.247059 0.054270 0.053782
0 0.592578 0.373109 0.058260 0.080672
0 0.692338 0.351261 0.059856 0.047059
0 0.897047 0.228571 0.060654 0.057143
0 0.947725 0.057143 0.039106 0.110924
