7 0.299089 0.321296 0.014844 0.025000
0 0.433984 0.858102 0.031510 0.141204
0 0.372135 0.467130 0.071875 0.069444
0 0.302344 0.349537 0.059896 0.050000
4 0.200391 0.210417 0.024219 0.050463
4 0.244271 0.202778 0.015625 0.042593
1 0.588986 0.938655 0.033520 0.119328
0 0.942937 0.418487 0.072626 0.060504
5 0.711492 0.422689 0.031125 0.025210
4 0.376297 0.324370 0.034318 0.033613
1 0.179968 0.582353 0.094972 0.065546
1 0.040702 0.342857 0.081405 0.084034
4 0.826816 0.691597 0.033520 0.028571
1 0.496808 0.161345 0.031125 0.137815
7 0.298883 0.373950 0.018356 0.031933
0 0.418994 0.071429 0.036712 0.109244
