7 0.514774 0.168919 0.013850 0.032819
7 0.513389 0.139961 0.014774 0.025097
7 0.297322 0.369691 0.016620 0.028958
0 0.417359 0.072394 0.036934 0.110039
0 0.435365 0.855212 0.030471 0.135135
1 0.495845 0.162162 0.033241 0.138996
1 0.511542 0.494208 0.044321 0.142857
4 0.376270 0.320463 0.030471 0.027027
4 0.204524 0.212355 0.019391 0.050193
4 0.244229 0.201737 0.013850 0.052124
1 0.586592 0.930979 0.033520 0.128411
4 0.823224 0.686555 0.031125 0.031933
0 0.302075 0.347899 0.058260 0.053782
0 0.167598 0.505042 0.078212 0.058824
1 0.180766 0.579832 0.094972 0.060504
4 0.109737 0.425210 0.027933 0.057143
1 0.041500 0.346218 0.083001 0.080672
