0 0.939974 0.424537 0.070052 0.065741
0 0.416016 0.074306 0.034115 0.106019
0 0.529167 0.637037 0.044271 0.123148
0 0.433984 0.869676 0.029427 0.129167
7 0.302474 0.381250 0.017448 0.032870
7 0.298828 0.324537 0.010156 0.023148
0 0.301042 0.356250 0.055208 0.052315
4 0.823568 0.698843 0.035156 0.031019
4 0.374479 0.329167 0.032292 0.028704
4 0.201302 0.210417 0.020313 0.054167
4 0.242839 0.209491 0.014844 0.036574
7 0.825911 0.781944 0.013802 0.026852
1 0.586979 0.939815 0.034375 0.120370
1 0.176776 0.589076 0.098164 0.065546
1 0.493615 0.168908 0.032721 0.136134
1 0.039106 0.348739 0.078212 0.085714
