7 0.400277 0.361004 0.012004 0.023166
7 0.304247 0.382239 0.015697 0.030888
0 0.934903 0.417954 0.072946 0.063707
0 0.414589 0.079151 0.035088 0.108108
1 0.537858 0.750000 0.032318 0.144788
4 0.822253 0.690154 0.030471 0.028958
4 0.559557 0.864865 0.014774 0.050193
4 0.376270 0.332046 0.032318 0.030888
4 0.246537 0.216216 0.012927 0.046332
7 0.516760 0.171429 0.010375 0.033613
7 0.512370 0.153782 0.011173 0.028571
0 0.302474 0.356303 0.057462 0.053782
1 0.041899 0.352941 0.083799 0.084034
1 0.183559 0.587395 0.090982 0.062185
1 0.586991 0.932773 0.032721 0.121008
0 0.434158 0.860504 0.033520 0.137815
1 0.493216 0.169748 0.033520 0.134454
4 0.108939 0.339496 0.031125 0.033613
4 0.205108 0.220168 0.023943 0.053782
