7 0.291797 0.383102 0.012760 0.029167
0 0.418750 0.067593 0.035937 0.112037
1 0.452865 0.283796 0.032292 0.146296
4 0.829688 0.694213 0.035937 0.032870
4 0.373958 0.326157 0.033333 0.031019
4 0.243229 0.206481 0.015625 0.050000
4 0.935355 0.615966 0.033520 0.028571
5 0.766560 0.396639 0.034318 0.026891
1 0.590982 0.941176 0.032721 0.110924
0 0.433360 0.867227 0.031923 0.137815
1 0.175978 0.585714 0.094972 0.065546
1 0.038308 0.346218 0.075020 0.094118
4 0.200319 0.210084 0.022346 0.050420
0 0.301277 0.347899 0.059856 0.053782
7 0.307263 0.377311 0.017558 0.035294
1 0.498005 0.162185 0.033520 0.136134
