7 0.377214 0.647685 0.013802 0.025000
7 0.107552 0.609028 0.019271 0.025463
7 0.296354 0.372454 0.020313 0.031019
7 0.513802 0.141898 0.011979 0.032870
0 0.415104 0.064583 0.035937 0.102315
0 0.299609 0.350231 0.058073 0.056019
7 0.446875 0.015509 0.014583 0.027315
1 0.497266 0.157407 0.034115 0.133333
1 0.036068 0.347454 0.070052 0.088426
4 0.832812 0.694907 0.033333 0.026852
4 0.197526 0.209491 0.022135 0.052315
4 0.375260 0.320602 0.028646 0.031019
4 0.238281 0.205787 0.013021 0.056019
5 0.323568 0.547222 0.026823 0.025000
0 0.948524 0.413445 0.075818 0.060504
0 0.432163 0.868067 0.034318 0.142857
1 0.173184 0.587395 0.097366 0.065546
1 0.592179 0.938655 0.033520 0.112605
7 0.518356 0.169748 0.011971 0.026891
4 0.097765 0.332773 0.031125 0.036975
