7 0.936719 0.439352 0.015625 0.025000
7 0.351432 0.290509 0.013802 0.029167
0 0.713802 0.581019 0.068229 0.062037
0 0.953385 0.413194 0.072917 0.061574
0 0.301823 0.342593 0.060937 0.063889
4 0.835547 0.690046 0.038802 0.032870
4 0.375781 0.320602 0.031250 0.038426
4 0.241016 0.200694 0.014844 0.054167
5 0.824089 0.630324 0.030469 0.036574
1 0.592187 0.937500 0.036979 0.125000
1 0.498404 0.152101 0.035914 0.136134
4 0.197127 0.200840 0.025539 0.062185
1 0.036313 0.335294 0.072626 0.082353
1 0.121708 0.436134 0.086991 0.065546
0 0.433759 0.864706 0.032721 0.142857
0 0.418196 0.061345 0.036712 0.112605
