0 0.544792 0.865972 0.027604 0.129167
0 0.430729 0.872685 0.035937 0.138889
7 0.300521 0.383102 0.019271 0.029167
7 0.295964 0.326389 0.013802 0.023148
0 0.297396 0.357176 0.060937 0.057870
4 0.825130 0.696991 0.030469 0.038426
4 0.370312 0.335880 0.036979 0.034722
4 0.198568 0.217130 0.022135 0.048148
4 0.241016 0.215278 0.014844 0.044444
7 0.825521 0.786806 0.013021 0.029167
1 0.586589 0.942130 0.037760 0.115741
1 0.175579 0.588235 0.095770 0.063866
1 0.493216 0.169748 0.031923 0.134454
1 0.038707 0.351261 0.074222 0.087395
0 0.938148 0.426050 0.072626 0.058824
0 0.414605 0.077311 0.037510 0.110924
