0 0.416797 0.064583 0.034115 0.102315
0 0.218750 0.451620 0.064583 0.054167
0 0.434896 0.865741 0.029687 0.137037
4 0.373047 0.324306 0.035156 0.027315
4 0.198047 0.203704 0.021094 0.051852
4 0.241016 0.201852 0.016406 0.044444
5 0.432552 0.399769 0.030208 0.029167
7 0.359138 0.294118 0.007981 0.023529
7 0.369114 0.294958 0.015164 0.025210
4 0.833200 0.695798 0.030327 0.026891
1 0.592578 0.941176 0.031125 0.114286
1 0.174781 0.584874 0.095770 0.063866
1 0.036712 0.343697 0.071828 0.085714
1 0.497606 0.160504 0.035914 0.142857
0 0.299681 0.346218 0.058260 0.057143
7 0.023943 0.284874 0.023943 0.028571
