1 0.493075 0.166988 0.035088 0.140927
4 0.198984 0.214286 0.023084 0.061776
4 0.239612 0.212355 0.017544 0.050193
4 0.875499 0.647899 0.035116 0.028571
4 0.824022 0.690756 0.029529 0.026891
1 0.586592 0.933613 0.031923 0.122689
0 0.430567 0.862185 0.031125 0.141176
0 0.369513 0.506723 0.071828 0.058824
5 0.294493 0.549580 0.028731 0.026891
1 0.175180 0.585714 0.094972 0.062185
1 0.037909 0.347059 0.075818 0.082353
0 0.298085 0.352941 0.058260 0.057143
4 0.371109 0.327731 0.035116 0.030252
0 0.412610 0.073950 0.035116 0.110924
