0 0.943675 0.418919 0.070175 0.057915
0 0.437211 0.865830 0.032318 0.133205
0 0.303324 0.350386 0.058172 0.055985
1 0.042013 0.344595 0.082179 0.090734
1 0.156510 0.584942 0.096953 0.065637
3 0.492151 0.457529 0.073869 0.054054
4 0.377655 0.321429 0.033241 0.036680
4 0.204063 0.209459 0.022161 0.055985
4 0.244691 0.209459 0.014774 0.044402
1 0.591381 0.936597 0.035116 0.123596
4 0.826417 0.689916 0.035914 0.025210
7 0.899042 0.432773 0.011971 0.021849
7 0.006385 0.619328 0.011173 0.018487
7 0.015563 0.614286 0.011971 0.018487
5 0.023144 0.601681 0.028731 0.020168
1 0.498005 0.164706 0.033520 0.137815
0 0.419393 0.071429 0.037510 0.109244
