7 0.290397 0.370656 0.015697 0.038610
0 0.411357 0.065637 0.036011 0.108108
0 0.432133 0.860039 0.033241 0.140927
4 0.891505 0.585907 0.039705 0.032819
4 0.825946 0.685328 0.032318 0.027027
4 0.370268 0.320463 0.029548 0.030888
1 0.587789 0.935294 0.032721 0.126050
1 0.173982 0.580672 0.095770 0.065546
0 0.296887 0.346218 0.057462 0.057143
1 0.492019 0.153782 0.034318 0.136134
4 0.197526 0.205042 0.024741 0.057143
1 0.037510 0.340336 0.075020 0.078992
4 0.780926 0.433613 0.034318 0.030252
4 0.236233 0.206723 0.015962 0.053782
