7 0.514844 0.135185 0.011979 0.030556
7 0.519401 0.161111 0.015885 0.028704
7 0.291406 0.370602 0.015625 0.031019
0 0.591406 0.485417 0.061979 0.052315
0 0.415495 0.066667 0.036719 0.110185
4 0.198958 0.203472 0.021354 0.056019
1 0.035677 0.335880 0.070833 0.088426
1 0.494812 0.155462 0.035116 0.139496
1 0.173184 0.584874 0.097366 0.063866
0 0.432961 0.868067 0.032721 0.139496
1 0.539505 0.736975 0.035116 0.152941
1 0.590982 0.937815 0.032721 0.117647
4 0.832003 0.692437 0.031125 0.030252
0 0.297686 0.347899 0.060654 0.053782
4 0.373105 0.321008 0.032721 0.030252
4 0.086193 0.375630 0.025539 0.065546
4 0.040303 0.441176 0.032721 0.028571
4 0.237829 0.205042 0.015962 0.057143
