0 0.411819 0.074324 0.036934 0.110039
0 0.430286 0.861004 0.033241 0.138996
0 0.136657 0.460425 0.059095 0.052124
4 0.457987 0.467181 0.035088 0.038610
4 0.367498 0.329151 0.035088 0.036680
4 0.198061 0.212355 0.023084 0.054054
4 0.239612 0.208494 0.017544 0.057915
5 0.126039 0.344595 0.034164 0.036680
7 0.516159 0.125483 0.014774 0.034749
1 0.838787 0.499160 0.086193 0.067227
4 0.820830 0.691597 0.029529 0.025210
1 0.584597 0.938655 0.034318 0.119328
1 0.175579 0.585714 0.094174 0.062185
1 0.037909 0.347899 0.075818 0.080672
0 0.298085 0.351261 0.059856 0.057143
1 0.492019 0.166387 0.034318 0.134454
