0 0.433984 0.859028 0.033073 0.139352
0 0.415104 0.070370 0.035937 0.110185
4 0.373047 0.321528 0.033073 0.032870
4 0.242839 0.196991 0.014844 0.054167
7 0.514366 0.167227 0.015164 0.031933
1 0.494014 0.157983 0.035116 0.141176
7 0.903831 0.719328 0.013567 0.026891
4 0.825219 0.685714 0.031923 0.026891
1 0.587789 0.932773 0.032721 0.124370
7 0.291700 0.366387 0.015164 0.026891
0 0.299282 0.343697 0.057462 0.055462
1 0.177175 0.580672 0.094174 0.065546
0 0.105746 0.500840 0.067837 0.053782
1 0.039904 0.337815 0.078212 0.087395
4 0.201915 0.205882 0.022346 0.052101
