0 0.411357 0.079151 0.037858 0.108108
1 0.039243 0.351351 0.072946 0.088803
4 0.823176 0.694015 0.034164 0.028958
4 0.240074 0.211390 0.016620 0.048263
4 0.548938 0.866795 0.017544 0.065637
1 0.586193 0.936975 0.032721 0.115966
0 0.430567 0.861345 0.031125 0.139496
5 0.440942 0.734454 0.023144 0.050420
1 0.177175 0.585714 0.094174 0.062185
0 0.111732 0.441176 0.068635 0.055462
4 0.199920 0.212605 0.026337 0.058824
0 0.299282 0.353782 0.057462 0.055462
4 0.371907 0.328571 0.036712 0.028571
7 0.358739 0.305042 0.015164 0.028571
1 0.493615 0.168067 0.034318 0.141176
1 0.587789 0.453782 0.082203 0.063866
