7 0.876172 0.391898 0.018490 0.027315
0 0.416406 0.073380 0.036979 0.107870
4 0.825911 0.696065 0.034115 0.032870
4 0.373437 0.330324 0.032292 0.034722
4 0.198958 0.215278 0.021354 0.048148
4 0.241016 0.212269 0.012760 0.050463
7 0.634477 0.397479 0.012769 0.021849
0 0.642059 0.378151 0.067837 0.060504
1 0.590184 0.942017 0.032721 0.112605
0 0.433360 0.868908 0.033520 0.141176
1 0.037510 0.351261 0.075020 0.087395
7 0.031524 0.288235 0.019952 0.031933
0 0.152833 0.355462 0.074222 0.055462
4 0.516361 0.243697 0.012769 0.073950
