0 0.412281 0.072394 0.036011 0.106178
0 0.433056 0.862934 0.031394 0.135135
0 0.079871 0.496139 0.072946 0.054054
7 0.507387 0.155405 0.012004 0.028958
1 0.037396 0.350386 0.074792 0.090734
4 0.371191 0.327220 0.033241 0.028958
4 0.197138 0.212355 0.023084 0.057915
0 0.298484 0.348739 0.057462 0.052101
7 0.296089 0.373950 0.012769 0.025210
7 0.312450 0.381513 0.018356 0.023529
1 0.587390 0.936975 0.031923 0.115966
4 0.825219 0.690756 0.030327 0.026891
7 0.780527 0.694958 0.014366 0.018487
5 0.779330 0.679832 0.015164 0.031933
7 0.783719 0.709244 0.014366 0.023529
1 0.175180 0.586555 0.096568 0.063866
4 0.239026 0.209244 0.013567 0.048739
0 0.939346 0.415966 0.073424 0.062185
1 0.493216 0.163025 0.031923 0.137815
