7 0.511979 0.137037 0.011979 0.030556
7 0.519401 0.168056 0.013802 0.026852
7 0.299089 0.374306 0.018490 0.034722
1 0.539193 0.734491 0.035156 0.152315
1 0.037891 0.349537 0.072135 0.096296
4 0.199870 0.211343 0.021094 0.056019
4 0.540625 0.454630 0.034375 0.032407
4 0.830599 0.687269 0.026823 0.031019
1 0.589385 0.936975 0.032721 0.119328
0 0.433360 0.865546 0.031923 0.141176
1 0.177175 0.585714 0.094174 0.062185
0 0.185954 0.462185 0.068635 0.053782
4 0.105746 0.327731 0.031125 0.033613
0 0.298883 0.348739 0.058260 0.055462
4 0.373903 0.325210 0.034318 0.031933
0 0.415004 0.069748 0.039904 0.115966
1 0.495211 0.160504 0.034318 0.139496
4 0.239026 0.208403 0.013567 0.057143
