7 0.294010 0.379398 0.015625 0.036574
7 0.298177 0.320370 0.013021 0.023148
0 0.433984 0.862037 0.035156 0.137037
0 0.417318 0.070370 0.038802 0.110185
4 0.374479 0.326157 0.035937 0.034722
4 0.200911 0.208565 0.023177 0.054167
4 0.242448 0.203704 0.011979 0.037037
4 0.554557 0.927546 0.013802 0.056019
1 0.590234 0.938194 0.030469 0.123611
4 0.828013 0.694958 0.032721 0.028571
0 0.944932 0.418487 0.071828 0.060504
1 0.039505 0.342857 0.079010 0.084034
0 0.302075 0.348739 0.058260 0.055462
1 0.177175 0.584874 0.097366 0.063866
1 0.496010 0.163866 0.034318 0.142857
