0 0.302862 0.347490 0.057248 0.050193
4 0.376731 0.325290 0.035088 0.032819
4 0.204524 0.213320 0.019391 0.052124
4 0.243767 0.203668 0.014774 0.044402
4 0.833200 0.694118 0.028731 0.023529
0 0.589385 0.700840 0.059856 0.124370
1 0.592179 0.938655 0.033520 0.115966
4 0.562650 0.886555 0.014366 0.065546
4 0.500798 0.791597 0.018356 0.063866
0 0.435754 0.864706 0.033520 0.136134
1 0.179569 0.584874 0.095770 0.063866
1 0.040303 0.346218 0.080607 0.084034
7 0.343974 0.356303 0.012769 0.026891
7 0.335994 0.332773 0.014366 0.026891
7 0.306864 0.310924 0.015164 0.020168
0 0.420192 0.070588 0.037510 0.110924
1 0.499202 0.163866 0.032721 0.136134
