7 0.303385 0.321296 0.011979 0.025000
7 0.090885 0.331250 0.025000 0.032870
0 0.439974 0.863889 0.030469 0.137037
1 0.184245 0.584954 0.095052 0.057870
4 0.378646 0.329167 0.036979 0.032407
4 0.247396 0.208333 0.013021 0.046296
1 0.595371 0.936975 0.030327 0.112605
7 0.414206 0.920168 0.012769 0.025210
7 0.299282 0.378151 0.012769 0.036975
7 0.461293 0.263025 0.011173 0.025210
0 0.948125 0.419328 0.071828 0.058824
4 0.830008 0.692437 0.031923 0.030252
7 0.770152 0.766387 0.015962 0.023529
4 0.110934 0.336975 0.031923 0.031933
0 0.306464 0.351261 0.059058 0.050420
1 0.041101 0.345378 0.082203 0.085714
4 0.207502 0.214286 0.025539 0.055462
1 0.500798 0.163025 0.032721 0.141176
0 0.422985 0.073950 0.035116 0.110924
