7 0.292708 0.382176 0.020313 0.027315
7 0.297786 0.322454 0.012240 0.027315
0 0.946094 0.421759 0.072917 0.060185
4 0.373047 0.327083 0.036719 0.032870
4 0.199870 0.212269 0.023177 0.054167
4 0.243750 0.206481 0.013021 0.038889
4 0.828255 0.697917 0.035156 0.036574
0 0.432163 0.866387 0.035914 0.142857
1 0.038308 0.342857 0.075020 0.087395
1 0.495611 0.167227 0.035116 0.136134
0 0.299681 0.350420 0.058260 0.055462
1 0.589385 0.942857 0.031125 0.110924
1 0.175579 0.588235 0.095770 0.063866
0 0.416600 0.072269 0.036712 0.110924
