7 0.305171 0.377413 0.013850 0.025097
0 0.940443 0.416023 0.071099 0.063707
0 0.433518 0.867761 0.032318 0.137066
0 0.413204 0.076255 0.037858 0.110039
0 0.299631 0.350386 0.056325 0.048263
7 0.509695 0.163127 0.011080 0.032819
1 0.178209 0.592664 0.094183 0.061776
4 0.371653 0.328185 0.034164 0.030888
4 0.198061 0.216216 0.021237 0.054054
4 0.241459 0.212355 0.013850 0.042471
7 0.746608 0.682353 0.015164 0.020168
5 0.739824 0.672269 0.031923 0.020168
7 0.748204 0.703361 0.010375 0.021849
7 0.740623 0.707563 0.011173 0.020168
1 0.588986 0.937815 0.031923 0.110924
4 0.825619 0.693277 0.029529 0.028571
7 0.292099 0.379832 0.009577 0.023529
1 0.038308 0.349580 0.075020 0.080672
1 0.493216 0.166387 0.031923 0.137815
