0 0.410896 0.067568 0.036934 0.108108
0 0.431210 0.863900 0.033241 0.137066
1 0.493998 0.162162 0.035088 0.135135
1 0.348569 0.528958 0.087719 0.088803
1 0.037396 0.345560 0.074792 0.088803
4 0.371191 0.324324 0.033241 0.034749
1 0.588587 0.936975 0.031125 0.119328
4 0.829210 0.688235 0.030327 0.028571
4 0.337191 0.407563 0.032721 0.031933
7 0.289306 0.373109 0.013567 0.030252
0 0.297287 0.348739 0.058260 0.055462
1 0.174381 0.584874 0.096568 0.067227
4 0.197925 0.209244 0.023943 0.055462
4 0.236233 0.209244 0.014366 0.058824
