4 0.823177 0.694907 0.034375 0.026852
4 0.579427 0.803009 0.015625 0.050463
4 0.198047 0.221065 0.021094 0.052315
4 0.238672 0.215278 0.013802 0.044444
4 0.368880 0.331250 0.032552 0.032870
0 0.433073 0.868750 0.029687 0.127315
1 0.036068 0.356019 0.070052 0.090741
1 0.588188 0.938655 0.033520 0.109244
0 0.638069 0.378992 0.069433 0.062185
0 0.437749 0.337815 0.039106 0.100840
0 0.412610 0.075630 0.035116 0.110924
1 0.170391 0.451261 0.079010 0.062185
0 0.150439 0.359664 0.072626 0.057143
7 0.031923 0.294118 0.020750 0.026891
7 0.080208 0.330252 0.023144 0.035294
4 0.512769 0.245378 0.013567 0.060504
