7 0.429363 0.252896 0.011080 0.027027
0 0.433056 0.848456 0.031394 0.129344
0 0.967682 0.420849 0.060942 0.061776
1 0.492151 0.777027 0.046168 0.167954
1 0.585873 0.932432 0.032318 0.131274
1 0.040166 0.328185 0.078486 0.081081
1 0.495845 0.150579 0.038781 0.146718
4 0.825023 0.687259 0.032318 0.042471
4 0.569252 0.690154 0.013850 0.067568
4 0.505540 0.415058 0.028624 0.038610
4 0.374885 0.310811 0.033241 0.034749
4 0.241459 0.193050 0.019391 0.057915
5 0.256694 0.357143 0.031394 0.030888
5 0.293167 0.367761 0.032318 0.032819
4 0.202314 0.192437 0.023144 0.055462
0 0.418595 0.057983 0.037510 0.112605
