7 0.408073 0.282870 0.013021 0.028704
0 0.293620 0.346528 0.057031 0.056019
0 0.434896 0.864815 0.033333 0.138889
0 0.600651 0.463194 0.067448 0.057870
1 0.039323 0.344444 0.076563 0.090741
1 0.149219 0.458565 0.072917 0.056019
4 0.242448 0.201852 0.011979 0.044444
1 0.594531 0.938657 0.036458 0.122685
4 0.833200 0.690756 0.030327 0.026891
0 0.797287 0.490756 0.063847 0.060504
1 0.183559 0.584874 0.094174 0.063866
4 0.200718 0.206723 0.024741 0.053782
4 0.375898 0.323529 0.031923 0.028571
0 0.418196 0.066387 0.038308 0.109244
