7 0.920591 0.438224 0.016620 0.027027
7 0.308864 0.314672 0.015697 0.027027
0 0.948292 0.416988 0.073869 0.061776
0 0.576639 0.699807 0.052632 0.121622
0 0.435826 0.860039 0.033241 0.129344
0 0.302862 0.347490 0.057248 0.054054
0 0.417821 0.070463 0.037858 0.110039
1 0.717452 0.484556 0.084949 0.069498
4 0.377655 0.321429 0.035088 0.032819
4 0.831025 0.692085 0.029548 0.028958
4 0.202216 0.204633 0.020314 0.057915
5 0.615420 0.606178 0.032318 0.027027
4 0.243416 0.205042 0.014366 0.050420
1 0.591381 0.936975 0.033520 0.112605
1 0.496808 0.159664 0.032721 0.134454
1 0.039106 0.339496 0.078212 0.087395
