7 0.826302 0.768287 0.016667 0.031019
7 0.295052 0.378472 0.017708 0.034722
7 0.297396 0.325463 0.013021 0.021296
0 0.859635 0.605324 0.066667 0.052315
0 0.585026 0.711343 0.054427 0.121759
0 0.434375 0.868750 0.032292 0.143056
0 0.300000 0.348380 0.057292 0.056019
1 0.497656 0.160185 0.036979 0.138889
1 0.177734 0.584954 0.095052 0.061574
1 0.038411 0.345370 0.076302 0.092593
4 0.722135 0.640046 0.036979 0.040278
4 0.828776 0.694907 0.034115 0.026852
4 0.370703 0.327083 0.036198 0.032870
4 0.197526 0.209491 0.022135 0.052315
1 0.588188 0.937815 0.035116 0.114286
4 0.243416 0.205042 0.014366 0.050420
0 0.945730 0.420168 0.071828 0.060504
0 0.416600 0.070588 0.036712 0.110924
