7 0.295052 0.320370 0.015625 0.023148
0 0.298698 0.350463 0.056250 0.048148
1 0.496354 0.164120 0.032292 0.139352
4 0.375391 0.326157 0.034115 0.034722
4 0.198047 0.207639 0.021094 0.056019
4 0.240495 0.205556 0.013802 0.040741
0 0.431365 0.865546 0.031125 0.134454
0 0.425778 0.515126 0.055068 0.052101
7 0.300479 0.371429 0.013567 0.026891
4 0.826018 0.696639 0.033520 0.028571
1 0.586592 0.940336 0.031923 0.115966
0 0.942538 0.421849 0.073424 0.060504
1 0.038308 0.343697 0.073424 0.085714
1 0.175180 0.586555 0.098164 0.060504
0 0.415004 0.068067 0.036712 0.105882
