7 0.295443 0.380324 0.014844 0.031019
7 0.299740 0.319444 0.011979 0.021296
0 0.417318 0.074306 0.033073 0.102315
0 0.433464 0.864815 0.034115 0.142593
1 0.041146 0.344676 0.080208 0.082870
4 0.372526 0.328009 0.034115 0.034722
4 0.201693 0.212269 0.023177 0.057870
4 0.244271 0.206481 0.011979 0.038889
0 0.940543 0.421008 0.072626 0.058824
4 0.822027 0.691597 0.038308 0.028571
0 0.302474 0.352101 0.057462 0.055462
1 0.588188 0.938655 0.033520 0.115966
1 0.179569 0.586555 0.097366 0.060504
1 0.494812 0.167227 0.033520 0.139496
