7 0.516146 0.116898 0.014583 0.029167
0 0.543359 0.707639 0.030469 0.121759
0 0.435807 0.871759 0.033073 0.133333
1 0.037891 0.355093 0.072135 0.092593
4 0.431250 0.505787 0.033333 0.031019
4 0.602474 0.713194 0.026823 0.056019
4 0.829167 0.698843 0.029687 0.027315
4 0.371224 0.333102 0.033073 0.036574
4 0.242839 0.216204 0.014844 0.046296
1 0.592179 0.943697 0.031923 0.109244
4 0.446129 0.753782 0.025539 0.058824
0 0.444932 0.455462 0.069433 0.053782
0 0.126097 0.464706 0.070231 0.052101
0 0.417398 0.074790 0.038308 0.109244
0 0.642059 0.382353 0.071030 0.062185
7 0.655227 0.315966 0.014366 0.026891
4 0.201117 0.219328 0.022346 0.048739
