4 0.142708 0.443056 0.035937 0.032407
4 0.376302 0.325231 0.032292 0.036574
4 0.203255 0.205556 0.022135 0.051852
4 0.247526 0.206481 0.014844 0.046296
4 0.822656 0.687269 0.036979 0.034722
7 0.915495 0.521296 0.013802 0.026852
0 0.939063 0.417824 0.070312 0.059722
0 0.434505 0.854167 0.034115 0.133333
1 0.496745 0.163889 0.035156 0.135185
1 0.041667 0.343519 0.081250 0.092593
1 0.183724 0.581250 0.094010 0.057870
4 0.344374 0.421849 0.032721 0.030252
0 0.302873 0.346218 0.058260 0.057143
1 0.586991 0.933613 0.031125 0.122689
7 0.189545 0.622689 0.013567 0.018487
0 0.418994 0.071429 0.035116 0.105882
