7 0.438596 0.689189 0.014774 0.027027
7 0.445983 0.715251 0.009234 0.017375
7 0.435826 0.712355 0.012927 0.019305
7 0.293629 0.368726 0.012927 0.030888
7 0.304247 0.369691 0.012004 0.032819
0 0.433518 0.861004 0.037858 0.142857
0 0.940905 0.416023 0.070175 0.059846
0 0.300092 0.347490 0.059095 0.050193
1 0.325485 0.501931 0.095106 0.069498
1 0.177747 0.581081 0.096953 0.061776
1 0.037396 0.345560 0.074792 0.088803
1 0.494460 0.158301 0.030471 0.138996
4 0.825946 0.686293 0.032318 0.028958
4 0.320868 0.423745 0.036011 0.032819
4 0.372114 0.321429 0.038781 0.032819
4 0.199908 0.208494 0.024931 0.061776
4 0.242844 0.206564 0.014774 0.050193
1 0.588986 0.936975 0.030327 0.119328
5 0.441740 0.681513 0.026337 0.025210
0 0.416201 0.065546 0.035914 0.107563
