7 0.301939 0.323359 0.012927 0.025097
0 0.941828 0.417954 0.072022 0.059846
0 0.435826 0.861004 0.033241 0.135135
0 0.420129 0.072394 0.033241 0.106178
1 0.181902 0.583012 0.096030 0.061776
4 0.826870 0.686293 0.036011 0.032819
4 0.375346 0.326255 0.037858 0.038610
4 0.247922 0.205598 0.015697 0.048263
7 0.771930 0.751931 0.012927 0.025097
5 0.158819 0.406723 0.030327 0.026891
7 0.302474 0.373950 0.017558 0.025210
0 0.304469 0.351261 0.058260 0.053782
1 0.590184 0.936134 0.032721 0.121008
1 0.041500 0.343697 0.081405 0.085714
4 0.205906 0.213445 0.020750 0.053782
1 0.498005 0.163866 0.031923 0.132773
