0 0.943675 0.411197 0.072022 0.061776
0 0.433056 0.852317 0.035088 0.137066
0 0.375346 0.465251 0.071099 0.092664
0 0.415512 0.061776 0.036934 0.108108
1 0.039243 0.334942 0.076639 0.090734
4 0.949215 0.500965 0.038781 0.032819
4 0.825023 0.686293 0.034164 0.032819
4 0.372576 0.314672 0.036011 0.030888
4 0.329178 0.385135 0.036011 0.028958
4 0.243306 0.199807 0.017544 0.059846
5 0.325023 0.596525 0.033241 0.027027
7 0.680766 0.304202 0.011173 0.020168
1 0.587390 0.934454 0.036712 0.124370
4 0.199122 0.198319 0.023144 0.053782
1 0.495611 0.153782 0.031923 0.139496
