7 0.294010 0.378472 0.011979 0.031019
7 0.305990 0.380324 0.011979 0.027315
0 0.434505 0.862037 0.030469 0.137037
4 0.202734 0.213194 0.017448 0.052315
4 0.243229 0.210417 0.015625 0.057870
5 0.940543 0.436975 0.023144 0.026891
4 0.827614 0.693277 0.027135 0.025210
0 0.418196 0.072269 0.038308 0.107563
1 0.497606 0.164706 0.031125 0.137815
1 0.456903 0.503361 0.039106 0.146218
1 0.590583 0.938655 0.031923 0.115966
1 0.178372 0.584874 0.094972 0.067227
1 0.039505 0.345378 0.077414 0.089076
0 0.302474 0.351261 0.057462 0.057143
5 0.627694 0.378992 0.027933 0.025210
4 0.373105 0.330252 0.035914 0.031933
