7 0.415885 0.810880 0.011979 0.031019
7 0.302474 0.322222 0.010156 0.023148
0 0.438542 0.862963 0.033333 0.135185
0 0.307552 0.350463 0.060937 0.048148
0 0.422396 0.076157 0.035937 0.106019
1 0.186068 0.586806 0.093490 0.061574
1 0.043359 0.353472 0.083073 0.081019
4 0.112240 0.336806 0.032292 0.029167
4 0.248047 0.209491 0.010156 0.048611
4 0.382292 0.325231 0.033333 0.036574
5 0.960894 0.511765 0.023943 0.048739
7 0.783320 0.771429 0.010375 0.026891
4 0.830008 0.692437 0.033520 0.030252
0 0.948524 0.418487 0.072626 0.060504
7 0.021548 0.300000 0.025539 0.028571
1 0.594972 0.937815 0.032721 0.117647
7 0.302075 0.378992 0.013567 0.031933
4 0.207502 0.211765 0.025539 0.057143
1 0.501197 0.163866 0.033520 0.142857
