5 0.456302 0.978315 0.008783 0.040033
0 0.491875 0.763970 0.026350 0.101751
0 0.673474 0.505838 0.051383 0.040867
3 0.671937 0.452460 0.063241 0.040867
0 0.483531 0.331526 0.021959 0.095913
0 0.400307 0.536280 0.047870 0.043369
0 0.232982 0.594245 0.057532 0.045872
0 0.129117 0.447456 0.050944 0.044204
4 0.551603 0.470392 0.023715 0.016681
4 0.431269 0.575480 0.026350 0.015013
4 0.419192 0.599666 0.019763 0.018349
7 0.242644 0.652627 0.012736 0.017515
0 0.606544 0.486555 0.055866 0.055462
5 0.267358 0.614286 0.020750 0.011765
