7 0.427917 0.412396 0.009163 0.023838
7 0.087966 0.828367 0.024435 0.021454
0 0.492670 0.781287 0.027489 0.103695
0 0.481674 0.946961 0.026268 0.089392
0 0.245877 0.820024 0.056811 0.085816
0 0.066280 0.923123 0.060476 0.089392
5 0.239768 0.739571 0.018937 0.027414
4 0.233659 0.673421 0.026268 0.030989
4 0.442272 0.358760 0.010996 0.045292
4 0.456017 0.274732 0.014050 0.048868
4 0.010690 0.973182 0.021381 0.027414
7 0.358583 0.740167 0.013439 0.021454
0 0.499695 0.381406 0.025657 0.102503
5 0.300080 0.647899 0.020750 0.031933
4 0.437350 0.410924 0.014366 0.058824
4 0.418595 0.015966 0.013567 0.031933
