4 0.456017 0.275924 0.010385 0.048868
4 0.443189 0.355185 0.010385 0.045292
4 0.439829 0.415971 0.010996 0.045292
4 0.580941 0.353397 0.028100 0.032181
4 0.407453 0.671037 0.025657 0.026222
4 0.233048 0.672825 0.025046 0.027414
0 0.187538 0.890346 0.062309 0.090584
0 0.055284 0.943981 0.054368 0.097735
0 0.653635 0.380810 0.058644 0.063170
0 0.345144 0.701430 0.062309 0.082241
1 0.266035 0.789631 0.070250 0.103695
1 0.490531 0.922527 0.037874 0.150179
0 0.496335 0.479142 0.022602 0.102503
4 0.417797 0.015126 0.013567 0.030252
4 0.010774 0.973950 0.021548 0.035294
