4 0.513802 0.265278 0.010937 0.041667
4 0.518099 0.458796 0.012240 0.050000
4 0.456641 0.277546 0.011719 0.047685
4 0.444792 0.358102 0.010937 0.051389
4 0.438021 0.410648 0.009896 0.044444
7 0.428516 0.413657 0.009115 0.026389
4 0.448437 0.752083 0.010937 0.047685
4 0.233984 0.672222 0.024219 0.028704
0 0.438021 0.557870 0.059896 0.116667
4 0.419792 0.018487 0.012769 0.036975
0 0.065443 0.923529 0.059058 0.082353
7 0.573823 0.331092 0.011173 0.020168
5 0.566241 0.329412 0.018356 0.030252
5 0.568635 0.348739 0.021548 0.028571
7 0.086193 0.818487 0.017558 0.016807
