0 0.486866 0.255066 0.035431 0.126341
4 0.418143 0.017878 0.011607 0.033373
4 0.502443 0.945173 0.011607 0.040524
0 0.483201 0.884982 0.025657 0.106079
4 0.365913 0.628129 0.025657 0.023838
4 0.457239 0.278308 0.011607 0.046484
4 0.443800 0.356973 0.010385 0.048868
4 0.437691 0.406436 0.011607 0.045292
7 0.429750 0.408224 0.009163 0.020262
4 0.234270 0.673421 0.025046 0.033373
0 0.065669 0.926698 0.059255 0.082241
5 0.565842 0.327731 0.023943 0.023529
5 0.569433 0.347899 0.023144 0.026891
7 0.573823 0.331092 0.009577 0.020168
7 0.085395 0.819328 0.020750 0.015126
