4 0.455101 0.274136 0.010996 0.047676
4 0.442578 0.355781 0.010385 0.048868
4 0.439524 0.420739 0.011607 0.047676
4 0.650886 0.312872 0.025046 0.022646
4 0.404093 0.670441 0.026268 0.029797
4 0.232437 0.675209 0.022602 0.027414
0 0.498778 0.525030 0.053146 0.084625
0 0.343005 0.699642 0.064142 0.081049
1 0.242517 0.817044 0.069640 0.106079
0 0.152718 0.928486 0.063531 0.092968
0 0.064753 0.926698 0.058644 0.082241
4 0.417398 0.015966 0.012769 0.031933
0 0.488029 0.831092 0.026337 0.109244
4 0.010774 0.976471 0.021548 0.033613
