4 0.418143 0.018474 0.011607 0.034565
4 0.457239 0.275328 0.011607 0.045292
4 0.444411 0.359952 0.011607 0.050060
4 0.437385 0.411204 0.010996 0.047676
7 0.429139 0.410012 0.007941 0.019070
7 0.577581 0.329559 0.006720 0.017878
4 0.515577 0.641240 0.010996 0.042908
0 0.486561 0.741955 0.026268 0.108462
0 0.473732 0.945173 0.025046 0.097735
4 0.231216 0.756853 0.022602 0.033373
4 0.235186 0.673421 0.024435 0.030989
0 0.068112 0.923123 0.059255 0.082241
5 0.570231 0.346218 0.021548 0.023529
5 0.566640 0.326891 0.020750 0.025210
7 0.087789 0.817647 0.019154 0.018487
