0 0.068723 0.921335 0.060476 0.085816
4 0.109957 0.937426 0.023213 0.032181
4 0.419670 0.017878 0.012217 0.033373
4 0.458155 0.275924 0.009774 0.046484
4 0.444105 0.355781 0.010996 0.048868
4 0.439218 0.411800 0.010996 0.044100
7 0.428833 0.415971 0.008552 0.014303
5 0.570250 0.348629 0.018937 0.015495
5 0.568418 0.331347 0.021381 0.019070
4 0.236103 0.675805 0.027489 0.035757
7 0.087355 0.818832 0.019548 0.014303
0 0.478009 0.794994 0.022602 0.102503
0 0.478009 0.954708 0.025046 0.088200
0 0.502443 0.375447 0.027489 0.097735
7 0.573025 0.331933 0.011173 0.015126
