5 0.609338 0.457724 0.019952 0.014634
5 0.172785 0.682114 0.021548 0.014634
4 0.428970 0.503252 0.021548 0.017886
7 0.221868 0.417073 0.017558 0.011382
7 0.053871 0.337398 0.016760 0.021138
0 0.542298 0.082927 0.024741 0.091057
0 0.499202 0.339496 0.040702 0.104202
7 0.455706 0.186555 0.012769 0.026891
7 0.359936 0.415966 0.012769 0.025210
7 0.129290 0.252101 0.019154 0.023529
7 0.535914 0.944538 0.011971 0.030252
7 0.553073 0.950420 0.011173 0.021849
4 0.493615 0.857143 0.010375 0.043697
0 0.285315 0.403361 0.056664 0.057143
0 0.229050 0.386555 0.054270 0.050420
0 0.165204 0.384874 0.057462 0.053782
0 0.062650 0.508403 0.051875 0.048739
