0 0.332003 0.469919 0.052674 0.045528
0 0.428970 0.956098 0.026337 0.074797
4 0.459298 0.751220 0.010375 0.048780
4 0.367119 0.860976 0.012769 0.056911
7 0.690343 0.282353 0.011173 0.023529
7 0.753392 0.295798 0.014366 0.023529
7 0.766161 0.303361 0.012769 0.021849
1 0.207901 0.493277 0.071030 0.058824
0 0.341181 0.921849 0.024741 0.102521
7 0.059457 0.758824 0.018356 0.028571
7 0.171588 0.756303 0.019154 0.030252
7 0.181963 0.779832 0.014366 0.023529
7 0.049082 0.677311 0.019952 0.016807
7 0.041101 0.667227 0.021548 0.020168
