5 0.642059 0.460976 0.023144 0.014634
0 0.233839 0.386992 0.051077 0.048780
4 0.678771 0.493496 0.021548 0.021138
4 0.972865 0.630081 0.030327 0.021138
7 0.958101 0.475610 0.015164 0.021138
7 0.577414 0.216260 0.010375 0.032520
7 0.189146 0.319512 0.014366 0.017886
7 0.217877 0.417073 0.015962 0.017886
7 0.837989 0.452101 0.015962 0.020168
7 0.819234 0.638655 0.018356 0.020168
7 0.554270 0.378151 0.011971 0.020168
7 0.847965 0.666387 0.019952 0.021849
1 0.853951 0.584034 0.059058 0.052101
7 0.131285 0.335294 0.015164 0.018487
0 0.026736 0.463866 0.053472 0.047059
0 0.545092 0.085714 0.023943 0.097479
0 0.490822 0.417647 0.025539 0.092437
0 0.752993 0.561345 0.058260 0.050420
0 0.289306 0.403361 0.056664 0.053782
0 0.169194 0.385714 0.055866 0.048739
