0 0.619314 0.437398 0.055866 0.042276
0 0.050678 0.456098 0.056664 0.043902
4 0.282123 0.642276 0.024741 0.039024
0 0.629689 0.366387 0.059058 0.043697
0 0.166401 0.455462 0.058260 0.043697
3 0.430966 0.941176 0.033520 0.114286
7 0.750599 0.295798 0.010375 0.023529
7 0.654429 0.290756 0.014366 0.026891
7 0.628492 0.312605 0.010375 0.023529
7 0.452115 0.132773 0.011971 0.030252
7 0.446129 0.192437 0.012769 0.031933
7 0.383879 0.417647 0.015962 0.021849
7 0.167598 0.781513 0.017558 0.036975
7 0.181963 0.783193 0.012769 0.026891
