4 0.237370 0.437269 0.023177 0.029167
4 0.285286 0.500000 0.023177 0.021296
4 0.725521 0.372222 0.028646 0.019444
4 0.871224 0.465972 0.024740 0.018056
0 0.107813 0.462269 0.057813 0.043056
7 0.721094 0.291204 0.011979 0.025926
7 0.293620 0.793519 0.012760 0.023148
3 0.824022 0.436975 0.074222 0.053782
0 0.701915 0.433613 0.053472 0.043697
0 0.580607 0.363866 0.056664 0.072269
7 0.563049 0.184034 0.013567 0.028571
7 0.549880 0.214286 0.009577 0.025210
7 0.156026 0.405882 0.013567 0.018487
7 0.159617 0.420168 0.014366 0.016807
7 0.169194 0.784874 0.015962 0.033613
7 0.179569 0.785714 0.015962 0.031933
