4 0.577414 0.456911 0.026337 0.026016
0 0.499601 0.104878 0.027135 0.105691
3 0.430567 0.934959 0.031125 0.120325
7 0.721069 0.288618 0.013567 0.021138
7 0.924182 0.312195 0.020750 0.019512
0 0.706704 0.436134 0.056664 0.045378
0 0.393855 0.480672 0.058260 0.053782
0 0.167997 0.455462 0.056664 0.043697
0 0.053871 0.454622 0.051875 0.045378
7 0.887869 0.312605 0.016760 0.020168
7 0.583400 0.287395 0.012769 0.023529
7 0.551077 0.285714 0.013567 0.023529
7 0.171189 0.779832 0.015164 0.030252
7 0.183160 0.783193 0.015164 0.026891
