7 0.443735 0.210569 0.011173 0.017886
0 0.546289 0.084553 0.023144 0.091057
0 0.276137 0.591870 0.055866 0.042276
0 0.288508 0.404878 0.053472 0.055285
4 0.521149 0.776423 0.012769 0.043902
5 0.104150 0.486992 0.024741 0.014634
0 0.095770 0.582353 0.054270 0.045378
7 0.876696 0.458824 0.019952 0.020168
7 0.654429 0.414286 0.014366 0.021849
7 0.114924 0.319328 0.019154 0.026891
0 0.473663 0.513445 0.059856 0.048739
0 0.234238 0.385714 0.055068 0.048739
0 0.169992 0.384874 0.055866 0.047059
7 0.575818 0.243697 0.011971 0.020168
7 0.557063 0.386555 0.009577 0.026891
7 0.503192 0.364706 0.011971 0.020168
7 0.217877 0.414286 0.014366 0.025210
7 0.131285 0.210924 0.018356 0.021849
7 0.851157 0.663025 0.013567 0.028571
0 0.923783 0.595798 0.058260 0.052101
7 0.562251 0.680672 0.010375 0.026891
