0 0.754167 0.560185 0.057292 0.040741
0 0.399870 0.791898 0.035156 0.097685
0 0.288542 0.400000 0.055208 0.049074
0 0.233854 0.385417 0.054167 0.045833
4 0.470052 0.576389 0.009375 0.037037
4 0.700000 0.503241 0.022396 0.014815
5 0.647656 0.456944 0.021354 0.019444
7 0.638802 0.414583 0.010417 0.016204
7 0.216016 0.419213 0.017969 0.022685
0 0.545890 0.084874 0.023943 0.095798
0 0.494014 0.156303 0.025539 0.094118
0 0.487231 0.420168 0.023144 0.090756
0 0.472865 0.811765 0.024741 0.100840
0 0.240223 0.665546 0.051077 0.057143
0 0.169194 0.384034 0.055866 0.048739
7 0.835595 0.446218 0.012769 0.025210
7 0.850359 0.656303 0.018356 0.021849
7 0.555866 0.384034 0.010375 0.021849
7 0.315642 0.332773 0.011971 0.023529
7 0.705507 0.633613 0.012769 0.020168
7 0.698723 0.426050 0.013567 0.021849
1 0.854350 0.582353 0.061453 0.055462
