0 0.543895 0.086179 0.021548 0.094309
0 0.290503 0.405691 0.054270 0.053659
0 0.171588 0.386992 0.057462 0.052033
1 0.497207 0.064228 0.031923 0.125203
1 0.668795 0.561789 0.078212 0.056911
1 0.788907 0.576423 0.074222 0.050407
4 0.627694 0.497561 0.024741 0.019512
4 0.688747 0.513008 0.025539 0.021138
5 0.563049 0.443089 0.016760 0.014634
7 0.565443 0.105691 0.008779 0.019512
7 0.578611 0.101626 0.012769 0.024390
7 0.426576 0.363415 0.013567 0.021138
7 0.249401 0.342276 0.013567 0.017886
7 0.225459 0.414634 0.016760 0.013008
0 0.873105 0.587395 0.059058 0.048739
0 0.233440 0.387395 0.053472 0.048739
7 0.126895 0.199160 0.019154 0.025210
7 0.849561 0.651261 0.015164 0.025210
7 0.789705 0.438655 0.013567 0.020168
7 0.419792 0.380672 0.012769 0.018487
7 0.365523 0.871429 0.011173 0.021849
