7 0.556664 0.051220 0.011971 0.021138
7 0.575419 0.012195 0.009577 0.024390
3 0.453312 0.521138 0.033520 0.121951
4 0.675180 0.363415 0.027135 0.027642
4 0.821229 0.469919 0.028731 0.029268
7 0.720271 0.291057 0.013567 0.026016
4 0.812849 0.442857 0.023144 0.025210
0 0.765363 0.437815 0.055866 0.045378
0 0.702713 0.443697 0.050279 0.043697
7 0.563049 0.501681 0.015164 0.031933
5 0.502793 0.434454 0.011173 0.042017
4 0.487231 0.286555 0.011971 0.048739
7 0.167997 0.784034 0.016760 0.028571
7 0.179569 0.784874 0.014366 0.026891
0 0.433759 0.864706 0.026337 0.102521
4 0.443336 0.977311 0.013567 0.042017
0 0.229848 0.637815 0.054270 0.075630
