7 0.085794 0.311382 0.019952 0.024390
7 0.432562 0.330894 0.011173 0.014634
0 0.538707 0.081301 0.022346 0.094309
0 0.238228 0.506504 0.063049 0.069919
0 0.339984 0.769919 0.052674 0.112195
0 0.167598 0.374797 0.052674 0.040650
0 0.228651 0.378049 0.058260 0.050407
4 0.649242 0.505691 0.026337 0.026016
4 0.684757 0.501626 0.020750 0.021138
4 0.642059 0.569106 0.027933 0.026016
5 0.861133 0.479832 0.020750 0.015126
0 0.285315 0.395798 0.055068 0.068908
7 0.213488 0.304202 0.016760 0.020168
7 0.202713 0.274790 0.014366 0.018487
