7 0.431365 0.328455 0.010375 0.016260
0 0.916201 0.560976 0.057462 0.045528
0 0.282522 0.402439 0.054270 0.066667
4 0.644453 0.575610 0.032721 0.029268
3 0.648843 0.512841 0.071828 0.062600
5 0.858739 0.483193 0.019154 0.015126
1 0.911812 0.617647 0.082203 0.065546
1 0.750998 0.588235 0.090982 0.067227
0 0.533919 0.088235 0.023943 0.095798
0 0.163208 0.383193 0.053472 0.043697
7 0.209896 0.308403 0.014366 0.025210
7 0.195531 0.280672 0.012769 0.023529
0 0.225060 0.384874 0.055866 0.050420
7 0.719074 0.642857 0.011173 0.018487
