4 0.896648 0.554472 0.023144 0.019512
4 0.230646 0.495935 0.023943 0.022764
5 0.355946 0.447154 0.025539 0.016260
0 0.545890 0.085366 0.022346 0.092683
1 0.743416 0.560976 0.058260 0.045528
7 0.006784 0.309756 0.013567 0.014634
7 0.126097 0.208130 0.012769 0.019512
0 0.580208 0.542017 0.057462 0.045378
0 0.289306 0.404202 0.055068 0.052101
0 0.233041 0.387395 0.052674 0.045378
0 0.170391 0.385714 0.055068 0.052101
7 0.218675 0.420168 0.014366 0.020168
7 0.553073 0.378992 0.011173 0.021849
4 0.736632 0.503361 0.025539 0.021849
4 0.277733 0.470588 0.027135 0.020168
7 0.843575 0.667227 0.022346 0.020168
7 0.346768 0.368908 0.011971 0.025210
5 0.530327 0.637815 0.011971 0.031933
