7 0.768955 0.443089 0.013567 0.017886
7 0.764964 0.634146 0.011971 0.016260
0 0.544693 0.083740 0.021548 0.089431
0 0.477255 0.924390 0.025539 0.095935
0 0.258579 0.547967 0.057462 0.071545
0 0.233440 0.386992 0.056664 0.048780
0 0.289306 0.401626 0.051875 0.052033
4 0.678372 0.495122 0.027135 0.017886
5 0.642458 0.461789 0.022346 0.016260
0 0.752594 0.559664 0.059058 0.050420
1 0.855148 0.582353 0.058260 0.052101
0 0.168396 0.383193 0.054270 0.050420
0 0.493216 0.300000 0.023943 0.095798
0 0.480447 0.578151 0.023943 0.084034
0 0.067438 0.621008 0.051875 0.045378
7 0.894254 0.464706 0.016760 0.021849
7 0.555866 0.383193 0.011971 0.023529
7 0.574222 0.364706 0.011971 0.020168
7 0.254589 0.328571 0.012769 0.025210
7 0.215483 0.418487 0.012769 0.020168
7 0.061453 0.328571 0.019154 0.021849
7 0.845172 0.654622 0.019154 0.028571
4 0.494014 0.063025 0.012769 0.048739
