7 0.222666 0.417073 0.012769 0.017886
0 0.287709 0.402439 0.051875 0.056911
0 0.391860 0.873171 0.031923 0.087805
4 0.866321 0.553659 0.023144 0.017886
4 0.771748 0.532520 0.023943 0.021138
4 0.403831 0.736585 0.015962 0.035772
5 0.794094 0.507317 0.017558 0.013008
7 0.851955 0.661345 0.018356 0.028571
7 0.160814 0.200840 0.015164 0.028571
7 0.100958 0.364706 0.013567 0.026891
1 0.788907 0.589916 0.080607 0.067227
0 0.543496 0.085714 0.022346 0.094118
0 0.483240 0.889916 0.024741 0.102521
0 0.167598 0.386555 0.055866 0.047059
4 0.377494 0.947059 0.009577 0.045378
0 0.052674 0.485714 0.060654 0.047059
0 0.231844 0.387395 0.051875 0.045378
7 0.352354 0.861345 0.015164 0.025210
