0 0.377494 0.825203 0.035116 0.089431
0 0.290902 0.400813 0.055068 0.053659
0 0.235036 0.386992 0.056664 0.045528
7 0.377095 0.355285 0.008779 0.017886
7 0.631684 0.421951 0.013567 0.014634
7 0.648444 0.622764 0.008779 0.026016
4 0.525140 0.374797 0.012769 0.034146
4 0.843176 0.534146 0.024741 0.021138
4 0.513966 0.214634 0.014366 0.048780
5 0.741421 0.495935 0.027135 0.019512
1 0.853551 0.584553 0.061453 0.047154
7 0.851556 0.666387 0.015962 0.021849
0 0.753791 0.561345 0.058260 0.050420
0 0.546289 0.085714 0.024741 0.094118
0 0.482841 0.590756 0.025539 0.092437
0 0.473264 0.853782 0.023943 0.094118
0 0.169992 0.384874 0.054270 0.050420
7 0.777334 0.443697 0.015962 0.023529
7 0.713887 0.419328 0.015164 0.021849
7 0.556664 0.384034 0.011971 0.021849
7 0.128492 0.212605 0.015962 0.021849
7 0.216680 0.417647 0.015164 0.021849
