0 0.818037 0.357143 0.060654 0.045378
7 0.824421 0.325210 0.012769 0.025210
7 0.808859 0.305042 0.015164 0.021849
7 0.819633 0.296639 0.012769 0.025210
7 0.982442 0.305882 0.022346 0.023529
7 0.553871 0.415126 0.012769 0.026891
7 0.295291 0.511765 0.012769 0.025210
7 0.308061 0.489076 0.011173 0.026891
7 0.169992 0.780672 0.015962 0.031933
7 0.182761 0.783193 0.015962 0.030252
0 0.168396 0.453782 0.057462 0.047059
0 0.435754 0.840336 0.027135 0.104202
0 0.379489 0.910084 0.024741 0.089076
0 0.652434 0.436975 0.058260 0.043697
