5 0.782921 0.481301 0.022346 0.016260
5 0.951716 0.530081 0.023144 0.022764
4 0.719074 0.543089 0.027135 0.026016
7 0.224661 0.412195 0.013567 0.014634
7 0.557063 0.829268 0.006385 0.019512
7 0.543895 0.818699 0.008779 0.017886
5 0.330806 0.764228 0.015164 0.035772
0 0.541899 0.084034 0.023943 0.094118
0 0.634477 0.489916 0.055866 0.052101
0 0.524741 0.546218 0.051875 0.047059
0 0.285714 0.401681 0.055866 0.057143
0 0.229449 0.384874 0.051875 0.047059
0 0.166401 0.383193 0.058260 0.050420
7 0.446129 0.195798 0.012769 0.021849
7 0.370710 0.401681 0.010375 0.023529
7 0.115323 0.342017 0.016760 0.021849
7 0.128093 0.247899 0.023144 0.025210
