5 0.369513 0.456911 0.025539 0.026016
0 0.747406 0.432520 0.059856 0.045528
7 0.480048 0.743902 0.010375 0.027642
1 0.960096 0.443697 0.076616 0.057143
7 0.849960 0.293277 0.015962 0.025210
1 0.497207 0.060504 0.035116 0.121008
7 0.603352 0.272269 0.012769 0.020168
7 0.601357 0.284034 0.010375 0.020168
5 0.527933 0.465546 0.023144 0.023529
4 0.559856 0.409244 0.029529 0.025210
0 0.446528 0.461345 0.058260 0.062185
4 0.448923 0.883193 0.013567 0.052101
7 0.057462 0.767227 0.020750 0.021849
7 0.168396 0.757983 0.019154 0.030252
7 0.181564 0.778151 0.011971 0.026891
