1 0.480469 0.658102 0.030208 0.135648
1 0.686849 0.570139 0.075781 0.063426
1 0.791667 0.574769 0.073438 0.056944
5 0.600651 0.460185 0.026302 0.012963
4 0.648438 0.499306 0.021354 0.016204
4 0.687891 0.514583 0.019010 0.020833
7 0.355859 0.365741 0.011198 0.019444
7 0.224740 0.413194 0.013542 0.016204
7 0.853551 0.659664 0.016760 0.025210
7 0.847965 0.452941 0.019952 0.021849
7 0.579409 0.019328 0.011173 0.028571
7 0.568236 0.026050 0.014366 0.025210
7 0.446927 0.271429 0.012769 0.021849
7 0.191939 0.316807 0.015164 0.021849
7 0.131285 0.194118 0.015164 0.028571
0 0.872306 0.587395 0.060654 0.048739
0 0.490423 0.373109 0.026337 0.097479
0 0.544693 0.088235 0.024741 0.095798
0 0.289705 0.405042 0.057462 0.057143
0 0.233041 0.389076 0.054270 0.048739
0 0.169194 0.385714 0.055866 0.048739
7 0.365523 0.872269 0.011173 0.026891
