0 0.545890 0.083740 0.023943 0.089431
0 0.058260 0.477236 0.055866 0.043902
1 0.228651 0.506504 0.056664 0.050407
4 0.114126 0.439024 0.025539 0.019512
7 0.978053 0.671429 0.019952 0.018487
7 0.843974 0.667227 0.019952 0.020168
7 0.553472 0.376471 0.010375 0.023529
7 0.462490 0.373950 0.011971 0.021849
7 0.219473 0.417647 0.011173 0.018487
7 0.125698 0.210084 0.015164 0.023529
0 0.821628 0.594958 0.055068 0.050420
0 0.583001 0.491597 0.059856 0.058824
0 0.289306 0.402521 0.056664 0.055462
0 0.233839 0.386555 0.052674 0.050420
0 0.170790 0.384034 0.057462 0.052101
5 0.531923 0.621849 0.013567 0.030252
