4 0.650439 0.503252 0.025539 0.017886
4 0.689146 0.502439 0.026337 0.026016
4 0.641660 0.567480 0.027135 0.022764
5 0.865523 0.478049 0.023144 0.016260
7 0.023943 0.299187 0.020750 0.019512
7 0.432163 0.330894 0.010375 0.021138
7 0.213488 0.304202 0.016760 0.023529
7 0.201915 0.276471 0.012769 0.021849
0 0.284916 0.394118 0.054270 0.068908
0 0.227853 0.378151 0.056664 0.053782
0 0.166800 0.378151 0.054270 0.043697
0 0.489625 0.142017 0.026337 0.102521
0 0.415802 0.877311 0.028731 0.117647
0 0.537909 0.079832 0.023943 0.095798
