2 0.553472 0.190209 0.039106 0.200642
4 0.499601 0.143660 0.012769 0.046549
4 0.537909 0.713483 0.011173 0.049759
4 0.710295 0.588283 0.025539 0.024077
4 0.256983 0.530498 0.007981 0.040128
4 0.271349 0.533708 0.011173 0.046549
4 0.138069 0.459069 0.022346 0.019262
5 0.680766 0.585072 0.022346 0.020867
5 0.471668 0.073034 0.012769 0.049759
7 0.474461 0.794543 0.011971 0.025682
7 0.407821 0.628411 0.012769 0.020867
7 0.390662 0.613965 0.011971 0.017657
7 0.331205 0.603531 0.012769 0.016051
7 0.656026 0.409310 0.011173 0.025682
7 0.451716 0.011236 0.011173 0.022472
7 0.478053 0.783307 0.011173 0.016051
