0 0.387869 0.508026 0.054270 0.049759
0 0.513966 0.669342 0.023943 0.105939
2 0.553073 0.187801 0.041500 0.202247
4 0.905826 0.539326 0.022346 0.019262
4 0.271349 0.534510 0.011173 0.044944
5 0.679170 0.540128 0.025539 0.017657
5 0.680367 0.583467 0.026337 0.024077
4 0.710694 0.585875 0.024741 0.019262
7 0.477654 0.825843 0.011971 0.024077
7 0.459697 0.368379 0.012769 0.024077
7 0.879489 0.410112 0.014366 0.024077
7 0.069832 0.381220 0.016760 0.020867
7 0.084597 0.373997 0.012769 0.022472
7 0.043895 0.373194 0.015962 0.017657
7 0.479250 0.777689 0.015164 0.020867
7 0.447725 0.758824 0.014366 0.028571
7 0.060654 0.366387 0.014366 0.016807
4 0.256983 0.529412 0.011173 0.040336
