0 0.490822 0.491172 0.051077 0.044944
2 0.555068 0.190209 0.039106 0.207063
4 0.711492 0.585875 0.024741 0.019262
4 0.187151 0.473515 0.024741 0.019262
4 0.272147 0.532905 0.009577 0.041734
4 0.657223 0.446228 0.023144 0.022472
5 0.683559 0.582665 0.021548 0.022472
5 0.449322 0.552970 0.019154 0.017657
7 0.266560 0.396469 0.011173 0.016051
7 0.296887 0.391653 0.011173 0.022472
7 0.282522 0.386035 0.009577 0.014446
7 0.281724 0.401284 0.015962 0.016051
7 0.484038 0.849117 0.011971 0.022472
7 0.343176 0.566613 0.014366 0.019262
7 0.020750 0.580257 0.017558 0.017657
7 0.480447 0.778491 0.011173 0.019262
4 0.257781 0.526050 0.012769 0.036975
