0 0.923783 0.571429 0.056664 0.044944
0 0.164006 0.455859 0.056664 0.044944
2 0.553073 0.188604 0.038308 0.200642
4 0.707502 0.585072 0.023144 0.024077
4 0.820830 0.581862 0.023144 0.036918
4 0.256983 0.531300 0.011173 0.044944
4 0.270950 0.536116 0.011971 0.048154
5 0.741022 0.536116 0.024741 0.019262
7 0.436951 0.618780 0.013567 0.030498
7 0.375499 0.608347 0.015164 0.025682
7 0.475658 0.798555 0.012769 0.024077
7 0.844773 0.614286 0.016760 0.018487
7 0.847566 0.631933 0.014366 0.023529
7 0.455307 0.332773 0.011971 0.023529
7 0.463687 0.327731 0.009577 0.026891
7 0.576217 0.939496 0.011173 0.033613
7 0.584198 0.942017 0.011173 0.031933
