2 0.547087 0.185393 0.042298 0.203852
5 0.673982 0.585072 0.023144 0.020867
5 0.902235 0.528090 0.021548 0.022472
7 0.785315 0.580257 0.009577 0.020867
7 0.586193 0.632424 0.011971 0.022472
7 0.348763 0.513644 0.009577 0.019262
7 0.013168 0.514446 0.019952 0.033708
7 0.733839 0.642857 0.013567 0.018487
0 0.348364 0.540336 0.061453 0.048739
0 0.660016 0.494118 0.063847 0.063866
4 0.701915 0.584874 0.026337 0.020168
7 0.782921 0.547899 0.015962 0.023529
0 0.819633 0.546218 0.068635 0.053782
4 0.246608 0.527731 0.011173 0.036975
