0 0.949609 0.485648 0.062240 0.046296
0 0.916667 0.575463 0.059896 0.062963
0 0.604036 0.491898 0.060677 0.049537
2 0.553776 0.191898 0.039844 0.200463
4 0.477995 0.415741 0.019010 0.038889
4 0.257292 0.533565 0.010417 0.040278
4 0.270443 0.536111 0.011198 0.041667
4 0.710286 0.589120 0.022135 0.016204
5 0.681901 0.586574 0.021615 0.017593
4 0.826042 0.584954 0.019271 0.027315
7 0.808464 0.577778 0.014323 0.015741
7 0.808464 0.618750 0.012760 0.018056
7 0.812760 0.601157 0.010417 0.014352
7 0.772917 0.559259 0.015104 0.017593
7 0.711849 0.567593 0.008073 0.017593
7 0.479297 0.758333 0.007031 0.030556
7 0.384766 0.617130 0.011198 0.024074
5 0.082161 0.496065 0.028906 0.018981
5 0.140755 0.486343 0.024740 0.016204
7 0.474870 0.803472 0.012760 0.020833
0 0.045890 0.436975 0.061453 0.043697
