0 0.350359 0.462279 0.057462 0.048154
0 0.363128 0.529695 0.057462 0.044944
0 0.467678 0.466292 0.060654 0.043339
0 0.565842 0.574639 0.051077 0.099518
0 0.780926 0.462279 0.056664 0.044944
0 0.100958 0.443820 0.063049 0.043339
2 0.549481 0.188604 0.039106 0.200642
4 0.705108 0.587480 0.024741 0.016051
4 0.935754 0.507223 0.021548 0.022472
5 0.677175 0.584270 0.023144 0.016051
7 0.826816 0.513644 0.017558 0.016051
7 0.737829 0.640449 0.011971 0.012841
7 0.562251 0.754414 0.008779 0.022472
7 0.581804 0.958266 0.009577 0.032103
7 0.448125 0.081862 0.008779 0.025682
7 0.782921 0.619583 0.007981 0.016051
0 0.822825 0.547059 0.068635 0.048739
4 0.248603 0.530252 0.011971 0.042017
7 0.406225 0.646218 0.009577 0.028571
