0 0.490822 0.047352 0.025539 0.094703
0 0.527135 0.705457 0.032721 0.107544
1 0.364326 0.472713 0.059856 0.046549
2 0.553871 0.196629 0.041500 0.197432
4 0.708699 0.587480 0.023943 0.016051
4 0.822825 0.585072 0.022346 0.033708
4 0.256983 0.535313 0.011173 0.043339
4 0.272147 0.536116 0.009577 0.044944
5 0.451317 0.580257 0.026337 0.020867
5 0.813647 0.528892 0.024741 0.014446
7 0.740623 0.626806 0.012769 0.027287
7 0.447725 0.756019 0.007981 0.028892
7 0.456504 0.752809 0.009577 0.032103
7 0.414605 0.583467 0.016760 0.024077
7 0.351157 0.587480 0.012769 0.022472
7 0.341181 0.578652 0.010375 0.017657
7 0.336393 0.617978 0.008779 0.016051
7 0.476057 0.803371 0.011971 0.024077
0 0.922586 0.573109 0.057462 0.047059
