0 0.507552 0.861806 0.020833 0.099537
0 0.921745 0.573843 0.055990 0.043056
2 0.554948 0.192361 0.045312 0.198611
4 0.706641 0.585880 0.026302 0.018981
4 0.693099 0.540278 0.026302 0.017593
4 0.819922 0.585880 0.024740 0.038426
4 0.273047 0.529630 0.012760 0.048148
5 0.545964 0.527315 0.032031 0.024074
5 0.451302 0.580324 0.022917 0.020833
7 0.476042 0.695139 0.010417 0.022685
7 0.438542 0.703009 0.010417 0.025463
7 0.454036 0.642130 0.012760 0.019444
7 0.457813 0.613889 0.011979 0.024074
7 0.032682 0.554398 0.012760 0.020833
7 0.628385 0.473611 0.011979 0.025926
7 0.799219 0.556250 0.010417 0.027315
7 0.474870 0.800231 0.012760 0.027315
4 0.258579 0.528571 0.011173 0.045378
