0 0.405427 0.474318 0.055866 0.046549
0 0.068236 0.502408 0.058260 0.044944
2 0.551875 0.187801 0.039106 0.205457
4 0.708300 0.585875 0.023144 0.019262
4 0.499202 0.496790 0.013567 0.046549
4 0.018755 0.422953 0.031125 0.020867
4 0.270152 0.538523 0.010375 0.049759
5 0.680367 0.581862 0.024741 0.020867
5 0.258978 0.496790 0.023144 0.017657
7 0.478851 0.922953 0.007981 0.038523
7 0.755387 0.426966 0.013567 0.019262
7 0.772147 0.438202 0.013567 0.022472
7 0.777334 0.401284 0.015962 0.022472
7 0.756185 0.398876 0.011971 0.020867
7 0.416201 0.398876 0.010375 0.020867
7 0.739824 0.621188 0.011173 0.025682
4 0.254988 0.526050 0.011971 0.036975
