0 0.456903 0.499197 0.059856 0.038523
0 0.923384 0.570626 0.059058 0.040128
2 0.553871 0.190209 0.041500 0.200642
4 0.500000 0.242376 0.011971 0.051364
4 0.709497 0.582665 0.025539 0.019262
4 0.823623 0.582665 0.023943 0.038523
4 0.256983 0.531300 0.011173 0.038523
4 0.270950 0.530498 0.010375 0.046549
5 0.981245 0.539326 0.027933 0.022472
7 0.790902 0.638042 0.012769 0.024077
7 0.794892 0.609149 0.014366 0.024077
7 0.582602 0.694222 0.007981 0.030498
7 0.573823 0.685393 0.006385 0.028892
7 0.577813 0.837079 0.009577 0.024077
7 0.588587 0.838684 0.008779 0.027287
7 0.442538 0.634029 0.011971 0.022472
7 0.457302 0.812199 0.014366 0.028892
7 0.479250 0.703852 0.008779 0.024077
7 0.459298 0.076244 0.008779 0.024077
7 0.451716 0.077849 0.006385 0.024077
7 0.475658 0.798555 0.012769 0.024077
