0 0.389465 0.524880 0.059058 0.064205
2 0.547486 0.186196 0.039904 0.208668
4 0.581804 0.565008 0.023943 0.035313
4 0.793695 0.463884 0.024741 0.025682
4 0.247805 0.527287 0.011971 0.040128
5 0.674781 0.584270 0.023144 0.019262
7 0.589785 0.636437 0.011173 0.020867
7 0.444533 0.534510 0.011173 0.025682
7 0.391061 0.418138 0.011173 0.020867
7 0.736233 0.644538 0.011971 0.018487
7 0.787709 0.552941 0.012769 0.020168
7 0.786113 0.532773 0.015962 0.020168
0 0.820830 0.547059 0.071030 0.055462
0 0.733041 0.523529 0.063049 0.045378
4 0.703512 0.589916 0.026337 0.023529
