0 0.126496 0.444623 0.058260 0.044944
0 0.348763 0.540931 0.060654 0.044944
2 0.547087 0.185393 0.042298 0.203852
5 0.638867 0.507223 0.019952 0.019262
5 0.676776 0.586677 0.022346 0.017657
7 0.586991 0.633226 0.013567 0.024077
7 0.783719 0.545746 0.012769 0.022472
7 0.697526 0.600321 0.009577 0.016051
7 0.733839 0.646218 0.011971 0.018487
0 0.820830 0.547059 0.066241 0.052101
4 0.701516 0.586555 0.025539 0.020168
4 0.247406 0.526891 0.011173 0.045378
7 0.407023 0.380672 0.011173 0.021849
7 0.808061 0.599160 0.015164 0.021849
