0 0.386672 0.474318 0.056664 0.046549
1 0.508380 0.609952 0.025539 0.112360
2 0.553472 0.186196 0.039106 0.205457
4 0.444932 0.464687 0.023144 0.024077
4 0.446129 0.540931 0.025539 0.019262
4 0.269753 0.536116 0.011173 0.044944
5 0.676377 0.552167 0.026337 0.019262
5 0.682362 0.581862 0.023943 0.017657
5 0.224661 0.491974 0.024741 0.017657
7 0.476457 0.900482 0.014366 0.025682
7 0.454908 0.079454 0.011173 0.030498
7 0.550678 0.416533 0.009577 0.024077
7 0.568236 0.407705 0.011173 0.022472
7 0.575818 0.426966 0.010375 0.022472
7 0.585794 0.397271 0.009577 0.017657
7 0.577015 0.386838 0.009577 0.016051
4 0.709098 0.585714 0.026337 0.021849
0 0.837989 0.494118 0.057462 0.047059
0 0.284916 0.459664 0.062251 0.048739
4 0.257781 0.531933 0.012769 0.035294
