0 0.441740 0.477528 0.053472 0.043339
0 0.502394 0.540931 0.027933 0.109149
2 0.552674 0.193419 0.037510 0.200642
4 0.824421 0.584270 0.023943 0.032103
4 0.256185 0.533708 0.009577 0.046549
4 0.271349 0.532103 0.011173 0.049759
4 0.368715 0.508026 0.023943 0.024077
4 0.049481 0.447030 0.027135 0.024077
5 0.668396 0.470305 0.019952 0.041734
5 0.471668 0.621990 0.019154 0.027287
5 0.344773 0.540128 0.019154 0.020867
7 0.914206 0.633226 0.016760 0.020867
7 0.937749 0.634029 0.020750 0.025682
7 0.658420 0.617175 0.014366 0.020867
7 0.671987 0.607544 0.011173 0.027287
7 0.475259 0.731140 0.011971 0.024077
7 0.456504 0.143660 0.011173 0.030498
7 0.314046 0.613965 0.008779 0.027287
7 0.476057 0.800161 0.011971 0.024077
1 0.497606 0.263025 0.032721 0.142857
0 0.924182 0.572269 0.059058 0.048739
4 0.709098 0.584874 0.024741 0.020168
