2 0.554557 0.191898 0.038281 0.193981
4 0.739453 0.554630 0.024740 0.024074
4 0.825651 0.588426 0.024740 0.037037
4 0.258984 0.533796 0.008594 0.043519
4 0.273828 0.534491 0.011198 0.044907
7 0.722656 0.573148 0.010417 0.019444
7 0.475651 0.687963 0.014323 0.024074
7 0.448177 0.396528 0.013542 0.022685
4 0.988802 0.527083 0.019271 0.020833
7 0.477214 0.803241 0.015885 0.024074
0 0.924581 0.573109 0.058260 0.047059
7 0.780527 0.639496 0.014366 0.021849
7 0.792099 0.640336 0.013567 0.020168
4 0.710295 0.586555 0.027135 0.020168
0 0.043895 0.452101 0.062251 0.047059
