0 0.845970 0.491172 0.057462 0.044944
0 0.940144 0.573034 0.055866 0.044944
2 0.554669 0.191011 0.038308 0.195827
4 0.707901 0.585875 0.023943 0.022472
4 0.256983 0.535313 0.009577 0.043339
4 0.271748 0.534510 0.010375 0.044944
4 0.051077 0.467897 0.027135 0.020867
5 0.679170 0.582665 0.025539 0.016051
7 0.846369 0.619583 0.018356 0.028892
7 0.778931 0.560193 0.009577 0.019262
7 0.816441 0.602729 0.009577 0.020867
7 0.760575 0.560995 0.012769 0.024077
7 0.680766 0.570626 0.009577 0.017657
7 0.363128 0.608347 0.011173 0.022472
7 0.478452 0.728732 0.013567 0.022472
5 0.176377 0.496790 0.020750 0.017657
5 0.341979 0.530498 0.023144 0.027287
4 0.823623 0.581059 0.022346 0.035313
7 0.476057 0.798555 0.010375 0.020867
0 0.287709 0.458824 0.055068 0.047059
