2 0.553776 0.191667 0.036719 0.203704
4 0.496875 0.131481 0.011979 0.041667
4 0.475651 0.547454 0.023698 0.022685
4 0.466927 0.425463 0.017708 0.035185
4 0.708984 0.583565 0.023177 0.020833
4 0.822396 0.584259 0.019792 0.035185
4 0.256120 0.533796 0.009635 0.043519
4 0.271224 0.536111 0.012760 0.038889
5 0.448828 0.577778 0.021615 0.022222
5 0.468880 0.519444 0.024740 0.017593
7 0.833984 0.552083 0.015885 0.025463
7 0.520052 0.666204 0.013542 0.019444
7 0.568620 0.423148 0.015365 0.024074
7 0.522005 0.633102 0.015885 0.027315
7 0.477604 0.698843 0.011979 0.027315
7 0.452865 0.814583 0.013542 0.027315
7 0.474870 0.802546 0.012760 0.029167
4 0.508380 0.372269 0.012769 0.048739
0 0.921788 0.573109 0.057462 0.047059
