0 0.507582 0.499197 0.023943 0.102729
0 0.762969 0.499197 0.052674 0.041734
2 0.555068 0.187801 0.039106 0.205457
4 0.980846 0.478331 0.022346 0.019262
4 0.411413 0.508828 0.021548 0.022472
4 0.711492 0.585875 0.024741 0.019262
4 0.272147 0.533708 0.011173 0.040128
5 0.682761 0.580257 0.023144 0.020867
5 0.448923 0.551364 0.019952 0.017657
7 0.351556 0.531300 0.013567 0.025682
7 0.479250 0.863563 0.013567 0.048154
7 0.213488 0.396469 0.013567 0.025682
7 0.231045 0.398876 0.013567 0.017657
7 0.229848 0.375602 0.011173 0.016051
7 0.245810 0.386035 0.011173 0.024077
7 0.479250 0.776083 0.013567 0.017657
4 0.257781 0.521849 0.012769 0.038655
