0 0.323224 0.457464 0.060654 0.048154
0 0.854749 0.472713 0.057462 0.043339
2 0.547486 0.187801 0.039904 0.199037
4 0.702713 0.584270 0.026337 0.019262
4 0.521149 0.765650 0.012769 0.048154
5 0.675180 0.582665 0.022346 0.016051
7 0.818835 0.577849 0.011173 0.022472
7 0.781325 0.628411 0.011173 0.024077
7 0.582602 0.665329 0.011173 0.024077
7 0.580208 0.901284 0.007981 0.027287
7 0.339984 0.568218 0.011173 0.019262
7 0.575419 0.234350 0.011173 0.028892
7 0.733041 0.642017 0.013567 0.020168
0 0.820431 0.542857 0.068635 0.050420
0 0.421788 0.465546 0.061453 0.047059
0 0.354749 0.533613 0.059856 0.048739
7 0.328811 0.556303 0.012769 0.026891
4 0.248603 0.526891 0.011971 0.042017
