0 0.925000 0.572917 0.057292 0.044907
0 0.414974 0.536806 0.057552 0.049537
0 0.533854 0.650000 0.030208 0.102778
0 0.519531 0.800231 0.023958 0.101389
2 0.552995 0.191667 0.038281 0.203704
4 0.708203 0.584259 0.024740 0.019444
4 0.824089 0.582639 0.020052 0.038426
4 0.173177 0.466435 0.027083 0.020833
4 0.272526 0.534491 0.008594 0.044907
7 0.701432 0.605093 0.012760 0.019444
7 0.692057 0.621991 0.012760 0.024537
7 0.645703 0.620602 0.011198 0.027315
7 0.596224 0.583565 0.012760 0.020833
7 0.589714 0.568287 0.011198 0.016204
7 0.442057 0.634954 0.011198 0.027315
7 0.393359 0.582639 0.009635 0.025463
7 0.791406 0.642130 0.010417 0.015741
7 0.792578 0.625231 0.012760 0.018056
7 0.475260 0.800231 0.013542 0.027315
4 0.258978 0.529412 0.010375 0.040336
