0 0.695531 0.495987 0.058260 0.044944
0 0.828412 0.487961 0.059058 0.041734
0 0.923783 0.572231 0.055068 0.046549
0 0.322426 0.467897 0.052674 0.040128
0 0.434956 0.540128 0.057462 0.049759
0 0.526736 0.716693 0.022346 0.104334
2 0.553472 0.192616 0.040702 0.192616
4 0.552674 0.508026 0.027933 0.020867
4 0.823224 0.583467 0.019952 0.030498
4 0.536712 0.892456 0.010375 0.048154
7 0.371109 0.570626 0.007981 0.017657
7 0.452514 0.746388 0.012769 0.025682
7 0.462490 0.666132 0.011971 0.025682
7 0.580607 0.270465 0.007183 0.024077
7 0.587390 0.264848 0.006385 0.019262
7 0.818835 0.617978 0.014366 0.025682
7 0.874701 0.612360 0.020750 0.017657
7 0.883480 0.630819 0.020750 0.019262
7 0.779330 0.636437 0.013567 0.020867
7 0.792897 0.635634 0.008779 0.022472
7 0.477654 0.802568 0.011971 0.022472
1 0.402235 0.472269 0.060654 0.043697
4 0.258579 0.528571 0.011173 0.042017
4 0.708699 0.585714 0.025539 0.018487
4 0.272546 0.532773 0.010375 0.047059
