0 0.688348 0.491172 0.058260 0.051364
0 0.922187 0.572231 0.056664 0.046549
0 0.535515 0.647673 0.036712 0.104334
1 0.430168 0.479133 0.057462 0.049759
2 0.552674 0.191011 0.040702 0.202247
4 0.820830 0.583467 0.021548 0.036918
4 0.707502 0.587480 0.024741 0.022472
4 0.256584 0.534510 0.010375 0.044944
4 0.271349 0.533708 0.011173 0.046549
5 0.976057 0.542536 0.027135 0.019262
5 0.450918 0.579454 0.028731 0.019262
7 0.423384 0.663724 0.010375 0.024077
7 0.428571 0.645265 0.009577 0.022472
7 0.304868 0.589085 0.015962 0.025682
7 0.292099 0.577047 0.011173 0.017657
7 0.475658 0.802568 0.011173 0.022472
