0 0.672785 0.480738 0.057462 0.046549
0 0.922985 0.573034 0.056664 0.044944
2 0.553472 0.192616 0.040702 0.199037
4 0.708300 0.583467 0.024741 0.017657
4 0.821628 0.581059 0.023144 0.028892
4 0.259377 0.526485 0.009577 0.035313
4 0.273344 0.532905 0.011971 0.041734
7 0.440144 0.627608 0.016760 0.025682
7 0.447725 0.711075 0.009577 0.025682
7 0.542298 0.685393 0.011971 0.028892
7 0.595371 0.609952 0.011173 0.016051
7 0.596568 0.593900 0.010375 0.016051
7 0.576616 0.747191 0.007183 0.020867
7 0.584198 0.750401 0.006385 0.027287
7 0.789705 0.635634 0.015164 0.022472
7 0.018356 0.585875 0.019154 0.019262
7 0.477654 0.801766 0.011971 0.024077
