2 0.555068 0.187801 0.039106 0.202247
4 0.708699 0.585875 0.022346 0.016051
4 0.823224 0.583467 0.019952 0.033708
4 0.257382 0.532103 0.010375 0.036918
4 0.273743 0.539326 0.011173 0.041734
7 0.790104 0.637239 0.012769 0.019262
7 0.789705 0.617175 0.010375 0.017657
7 0.641261 0.613965 0.013567 0.020867
7 0.646049 0.600321 0.015164 0.016051
7 0.590982 0.619583 0.010375 0.025682
7 0.581405 0.662921 0.008779 0.022472
7 0.572227 0.656501 0.009577 0.019262
7 0.417398 0.631621 0.009577 0.020867
7 0.441740 0.633226 0.013567 0.027287
7 0.477255 0.800963 0.012769 0.022472
0 0.298883 0.496639 0.059856 0.065546
0 0.525140 0.783193 0.023943 0.104202
0 0.923783 0.572269 0.058260 0.045378
