0 0.895052 0.504815 0.055068 0.046549
2 0.554669 0.195024 0.038308 0.197432
4 0.709497 0.587480 0.027135 0.019262
4 0.737430 0.556982 0.027135 0.019262
4 0.652833 0.533708 0.025539 0.017657
4 0.823224 0.583467 0.021548 0.036918
7 0.795291 0.640449 0.010375 0.019262
7 0.781325 0.637239 0.011173 0.019262
7 0.739824 0.544141 0.009577 0.016051
7 0.579409 0.151685 0.011173 0.027287
7 0.396249 0.427769 0.010375 0.024077
7 0.474461 0.686998 0.013567 0.022472
7 0.478053 0.801766 0.012769 0.024077
0 0.924182 0.573950 0.060654 0.048739
0 0.731045 0.482353 0.052674 0.047059
4 0.258579 0.532773 0.011173 0.043697
4 0.273344 0.535294 0.011971 0.042017
