7 0.567318 0.476620 0.004427 0.010648
7 0.334375 0.296296 0.008333 0.016667
0 0.490234 0.519444 0.035156 0.093519
7 0.341536 0.827778 0.010156 0.012963
7 0.291276 0.734028 0.015365 0.019907
1 0.350000 0.742361 0.066667 0.055093
4 0.330339 0.689583 0.021094 0.028241
4 0.357943 0.660185 0.018490 0.032407
7 0.286512 0.864706 0.014366 0.025210
7 0.339984 0.243697 0.011173 0.020168
5 0.301676 0.354622 0.022346 0.026891
7 0.367518 0.244538 0.010375 0.021849
7 0.560255 0.474790 0.009577 0.018487
7 0.150838 0.096639 0.017558 0.028571
4 0.324421 0.626891 0.011971 0.043697
7 0.390263 0.744538 0.009577 0.016807
0 0.341580 0.951261 0.070231 0.053782
0 0.333998 0.804202 0.050279 0.048739
