4 0.985226 0.544316 0.027701 0.028902
4 0.494460 0.086705 0.017544 0.053950
4 0.155586 0.576108 0.034164 0.034682
0 0.268236 0.608863 0.069252 0.111753
7 0.654201 0.615607 0.012004 0.025048
7 0.633426 0.575145 0.011080 0.028902
7 0.618190 0.594412 0.021237 0.025048
7 0.883657 0.346821 0.020314 0.026975
7 0.271468 0.365125 0.011080 0.025048
7 0.260849 0.380539 0.012004 0.021195
7 0.771930 0.786127 0.011080 0.026975
7 0.788089 0.759152 0.015697 0.019268
7 0.794090 0.713873 0.009234 0.017341
7 0.073407 0.791908 0.013850 0.019268
0 0.079871 0.482659 0.071099 0.048170
7 0.043895 0.759664 0.023943 0.020168
7 0.075818 0.775630 0.012769 0.018487
7 0.067039 0.821008 0.012769 0.018487
7 0.057462 0.810924 0.015962 0.021849
0 0.764166 0.531092 0.072626 0.057143
