7 0.483956 0.157920 0.007365 0.018130
7 0.388217 0.799141 0.008417 0.016221
7 0.388480 0.812023 0.006839 0.011450
7 0.288795 0.883111 0.016833 0.027672
0 0.092846 0.369275 0.059442 0.062977
4 0.185429 0.351145 0.024724 0.026718
4 0.323777 0.636450 0.012099 0.047710
4 0.443451 0.734733 0.025250 0.032443
4 0.837505 0.751460 0.021959 0.023353
5 0.574222 0.675630 0.018356 0.016807
7 0.561852 0.229412 0.011173 0.025210
0 0.919792 0.676471 0.032721 0.065546
7 0.312051 0.685714 0.012769 0.020168
4 0.271349 0.406723 0.023943 0.026891
1 0.348763 0.744538 0.067039 0.053782
0 0.339984 0.957983 0.073424 0.057143
