3 0.104304 0.328607 0.059289 0.070058
1 0.346509 0.746872 0.068511 0.055880
4 0.304567 0.532944 0.027668 0.035029
4 0.321476 0.813595 0.022837 0.042535
7 0.315108 0.818182 0.011858 0.020017
7 0.286122 0.730609 0.016249 0.023353
7 0.293588 0.902836 0.011858 0.025855
5 0.573424 0.673950 0.018356 0.020168
7 0.928172 0.421008 0.012769 0.021849
4 0.321628 0.632773 0.012769 0.045378
7 0.606544 0.659664 0.009577 0.018487
7 0.616121 0.663025 0.007981 0.018487
5 0.419792 0.787395 0.011173 0.042017
0 0.339585 0.959664 0.069433 0.060504
