4 0.492151 0.103083 0.020314 0.059730
5 0.114497 0.546243 0.031394 0.028902
7 0.630194 0.587669 0.013850 0.023121
7 0.060942 0.825626 0.012927 0.025048
4 0.157433 0.592486 0.034164 0.025048
0 0.760388 0.463391 0.069252 0.048170
7 0.364725 0.371429 0.009577 0.033613
7 0.371907 0.368908 0.011173 0.028571
4 0.981644 0.551261 0.028731 0.023529
7 0.614525 0.605042 0.014366 0.030252
0 0.268955 0.622689 0.063847 0.105882
7 0.049082 0.780672 0.021548 0.021849
7 0.052674 0.736134 0.011173 0.023529
7 0.059058 0.735294 0.014366 0.018487
