7 0.613112 0.605010 0.012927 0.030829
4 0.980148 0.551060 0.036011 0.030829
7 0.053093 0.732177 0.008310 0.019268
7 0.061865 0.728324 0.012927 0.019268
7 0.708680 0.812139 0.012004 0.028902
7 0.629271 0.586705 0.012004 0.025048
5 0.632041 0.538536 0.024931 0.017341
4 0.490305 0.103083 0.014774 0.048170
4 0.157433 0.591522 0.032318 0.026975
0 0.287709 0.502521 0.080607 0.057143
0 0.269354 0.622689 0.066241 0.099160
7 0.048284 0.778151 0.023144 0.020168
7 0.059457 0.821849 0.021548 0.033613
7 0.362729 0.368067 0.011971 0.026891
7 0.371109 0.366387 0.014366 0.026891
