7 0.289012 0.356455 0.012927 0.030829
7 0.271468 0.375723 0.016620 0.030829
7 0.632041 0.572254 0.013850 0.026975
7 0.703601 0.616570 0.016620 0.026975
4 0.983841 0.539499 0.028624 0.030829
4 0.493536 0.085742 0.015697 0.052023
4 0.155125 0.577071 0.035088 0.032755
7 0.787627 0.757225 0.012927 0.023121
7 0.791782 0.710019 0.010157 0.021195
7 0.771930 0.783237 0.012927 0.021195
7 0.614525 0.589916 0.012769 0.030252
0 0.762969 0.527731 0.071828 0.060504
0 0.387470 0.436134 0.066241 0.085714
0 0.266560 0.606723 0.063847 0.104202
7 0.075818 0.773950 0.014366 0.021849
7 0.071828 0.789076 0.014366 0.018487
7 0.043097 0.758824 0.022346 0.018487
7 0.066640 0.815126 0.018356 0.020168
7 0.055068 0.810084 0.014366 0.023529
