7 0.368421 0.360308 0.009234 0.030829
4 0.974146 0.541426 0.035088 0.026975
4 0.488458 0.095376 0.014774 0.048170
4 0.181440 0.510597 0.032318 0.026975
4 0.156510 0.580925 0.032318 0.032755
0 0.268236 0.610790 0.063712 0.100193
7 0.045706 0.764933 0.017544 0.019268
7 0.943735 0.495798 0.018356 0.026891
7 0.949322 0.462185 0.016760 0.026891
7 0.941341 0.416807 0.023144 0.023529
7 0.981245 0.329412 0.013567 0.020168
7 0.989226 0.330252 0.019952 0.018487
7 0.608540 0.593277 0.013567 0.023529
7 0.624900 0.576471 0.012769 0.020168
7 0.362330 0.357143 0.011173 0.025210
7 0.049481 0.720168 0.011173 0.018487
7 0.061053 0.714286 0.013567 0.020168
