7 0.285417 0.679398 0.013021 0.018981
4 0.329948 0.690972 0.019792 0.024537
1 0.348958 0.743519 0.067187 0.055556
7 0.235156 0.360648 0.009896 0.017593
5 0.574222 0.676471 0.018356 0.015126
7 0.285714 0.868067 0.014366 0.021849
7 0.559856 0.579832 0.008779 0.016807
5 0.546289 0.611765 0.008779 0.030252
7 0.373504 0.121849 0.012769 0.018487
7 0.377494 0.504202 0.009577 0.016807
7 0.367917 0.501681 0.009577 0.015126
4 0.324820 0.631092 0.011173 0.042017
0 0.341979 0.953782 0.069433 0.058824
0 0.333200 0.808403 0.053472 0.047059
