7 0.632964 0.588632 0.017544 0.025048
4 0.156048 0.592486 0.036934 0.032755
7 0.759003 0.856455 0.011080 0.028902
7 0.684211 0.707129 0.007387 0.019268
7 0.364725 0.366387 0.011173 0.030252
0 0.269354 0.624370 0.066241 0.105882
7 0.044294 0.777311 0.018356 0.018487
7 0.075020 0.801681 0.015962 0.020168
7 0.062251 0.814286 0.012769 0.021849
7 0.057462 0.824370 0.019154 0.028571
7 0.371907 0.367227 0.009577 0.028571
7 0.691540 0.713445 0.011971 0.018487
7 0.690742 0.714286 0.008779 0.013445
7 0.616121 0.603361 0.012769 0.026891
4 0.494812 0.099160 0.014366 0.053782
4 0.984836 0.552941 0.027135 0.026891
