7 0.634349 0.587669 0.016620 0.034682
4 0.986150 0.553950 0.025854 0.032755
7 0.709141 0.819846 0.012927 0.025048
7 0.784857 0.780347 0.014774 0.026975
7 0.058633 0.829480 0.015697 0.025048
5 0.385503 0.565511 0.026777 0.025048
4 0.154663 0.592486 0.030471 0.025048
4 0.494922 0.102119 0.014774 0.050096
7 0.616919 0.606723 0.012769 0.026891
7 0.732642 0.805882 0.009577 0.018487
7 0.374701 0.368067 0.011971 0.026891
7 0.364725 0.364706 0.009577 0.033613
7 0.046688 0.783193 0.026337 0.023529
0 0.268555 0.626050 0.066241 0.102521
7 0.166401 0.161345 0.015164 0.026891
