0 0.277932 0.616570 0.064635 0.104046
4 0.167128 0.588632 0.035088 0.032755
4 0.983380 0.548170 0.029548 0.032755
7 0.889658 0.593449 0.015697 0.023121
7 0.619575 0.600193 0.014774 0.025048
7 0.915974 0.382466 0.018467 0.025048
7 0.922899 0.351638 0.017544 0.025048
7 0.985688 0.326590 0.021237 0.017341
7 0.990305 0.368979 0.017544 0.017341
7 0.071560 0.721580 0.012004 0.025048
7 0.072484 0.815992 0.013850 0.021195
7 0.060255 0.730252 0.010375 0.015126
7 0.056664 0.770588 0.019154 0.021849
7 0.636872 0.581513 0.014366 0.020168
7 0.373903 0.379832 0.015164 0.016807
7 0.373504 0.359664 0.009577 0.023529
7 0.381883 0.364706 0.011971 0.033613
7 0.980048 0.353782 0.023943 0.018487
4 0.500399 0.102521 0.012769 0.047059
