4 0.365885 0.565278 0.021875 0.025000
5 0.481380 0.509954 0.014844 0.035648
1 0.349609 0.744676 0.068490 0.055093
7 0.307943 0.752778 0.009635 0.015741
4 0.324609 0.630556 0.010677 0.039815
4 0.330078 0.693056 0.021615 0.029630
5 0.575419 0.674790 0.015962 0.018487
7 0.286113 0.867227 0.013567 0.023529
7 0.572626 0.684874 0.008779 0.018487
7 0.569433 0.601681 0.010375 0.016807
5 0.545890 0.610924 0.007981 0.028571
7 0.407821 0.783193 0.006385 0.016807
7 0.406624 0.795798 0.008779 0.018487
0 0.341580 0.954622 0.068635 0.057143
0 0.333599 0.810084 0.051077 0.050420
