4 0.587258 0.486513 0.033241 0.036609
4 0.983841 0.538536 0.028624 0.032755
7 0.631117 0.571291 0.017544 0.032755
7 0.734995 0.786127 0.014774 0.023121
7 0.053555 0.813102 0.011080 0.023121
7 0.060942 0.818882 0.012927 0.023121
7 0.789474 0.708092 0.009234 0.021195
4 0.153278 0.577071 0.033241 0.025048
7 0.786911 0.754622 0.012769 0.020168
7 0.613328 0.593277 0.015164 0.026891
7 0.371907 0.349580 0.011173 0.030252
7 0.362330 0.351261 0.009577 0.033613
4 0.491620 0.087395 0.015962 0.050420
5 0.374302 0.424370 0.027135 0.031933
0 0.265363 0.609244 0.064645 0.105882
7 0.041899 0.761345 0.021548 0.020168
