4 0.465104 0.318519 0.014063 0.041667
4 0.330729 0.689352 0.021875 0.025926
7 0.292318 0.764583 0.009115 0.020833
7 0.848958 0.737963 0.013021 0.016667
7 0.552214 0.213194 0.011719 0.018981
7 0.315234 0.579167 0.009635 0.015741
7 0.284517 0.867227 0.016760 0.023529
7 0.304868 0.336134 0.012769 0.016807
5 0.301277 0.357143 0.019952 0.028571
7 0.565842 0.216807 0.009577 0.020168
7 0.851955 0.757983 0.018356 0.020168
7 0.314445 0.333613 0.011173 0.021849
7 0.311253 0.832773 0.011173 0.015126
4 0.325619 0.625210 0.011173 0.043697
1 0.349960 0.742017 0.066241 0.055462
0 0.342777 0.953782 0.071030 0.058824
0 0.334397 0.804202 0.051077 0.045378
