4 0.981994 0.536609 0.032318 0.032755
4 0.489381 0.083815 0.016620 0.052023
4 0.150970 0.574181 0.037858 0.034682
4 0.518467 0.725434 0.019391 0.063584
7 0.783934 0.608863 0.016620 0.030829
7 0.629271 0.575145 0.015697 0.028902
7 0.613112 0.591522 0.016620 0.026975
7 0.370268 0.348748 0.009234 0.026975
7 0.360572 0.347784 0.010157 0.025048
7 0.788550 0.710983 0.011080 0.023121
7 0.777932 0.766859 0.008310 0.023121
7 0.768698 0.781310 0.015697 0.028902
7 0.070637 0.775530 0.010157 0.013487
7 0.074331 0.789017 0.012004 0.025048
7 0.040303 0.759664 0.024741 0.026891
0 0.263767 0.606723 0.064645 0.100840
0 0.760176 0.527731 0.074222 0.053782
7 0.782921 0.759664 0.014366 0.023529
7 0.052674 0.808403 0.017558 0.026891
