7 0.758541 0.566474 0.023084 0.019268
7 0.604801 0.633911 0.012927 0.023121
7 0.615420 0.598266 0.015697 0.028902
7 0.632041 0.575145 0.015697 0.025048
7 0.703139 0.359345 0.023084 0.028902
7 0.269621 0.361272 0.011080 0.021195
7 0.260388 0.378613 0.012927 0.021195
4 0.493998 0.088632 0.016620 0.053950
4 0.983841 0.541426 0.026777 0.026975
4 0.153740 0.578035 0.034164 0.034682
7 0.794090 0.713873 0.011080 0.021195
7 0.790397 0.764933 0.012927 0.019268
7 0.770545 0.789017 0.012004 0.025048
7 0.042013 0.762042 0.019391 0.025048
7 0.073869 0.778420 0.014774 0.019268
7 0.072022 0.790944 0.014774 0.017341
7 0.057462 0.811765 0.014366 0.023529
7 0.068236 0.821008 0.013567 0.021849
0 0.266959 0.610084 0.066241 0.104202
0 0.763767 0.531933 0.073424 0.055462
