7 0.630656 0.578035 0.016620 0.030829
7 0.374423 0.381503 0.015697 0.030829
7 0.273777 0.368979 0.017544 0.025048
7 0.256694 0.393064 0.016620 0.030829
4 0.985226 0.545279 0.027701 0.030829
7 0.138042 0.674374 0.013850 0.019268
7 0.067405 0.821773 0.009234 0.021195
7 0.767775 0.793834 0.012004 0.026975
4 0.150046 0.588632 0.034164 0.025048
4 0.886427 0.448940 0.033241 0.026975
4 0.488458 0.091522 0.012927 0.048170
7 0.612929 0.600000 0.012769 0.026891
7 0.783320 0.721008 0.008779 0.016807
7 0.059856 0.833613 0.012769 0.016807
7 0.051476 0.823529 0.013567 0.026891
7 0.040702 0.774790 0.025539 0.023529
0 0.763767 0.537815 0.071828 0.057143
0 0.263767 0.619328 0.067837 0.102521
7 0.793296 0.723529 0.011173 0.018487
