4 0.979686 0.552023 0.036934 0.032755
4 0.491228 0.106936 0.012927 0.048170
4 0.156971 0.591522 0.031394 0.019268
5 0.377193 0.536609 0.024931 0.021195
7 0.613573 0.605973 0.013850 0.028902
7 0.629271 0.585742 0.013850 0.023121
7 0.364728 0.368979 0.011080 0.032755
7 0.052632 0.730250 0.007387 0.019268
7 0.062327 0.730250 0.010157 0.019268
7 0.372706 0.366387 0.012769 0.030252
7 0.049481 0.779832 0.022346 0.020168
7 0.061852 0.821008 0.018356 0.025210
7 0.703113 0.821008 0.011173 0.025210
0 0.269354 0.624370 0.063049 0.095798
