7 0.628776 0.570370 0.018490 0.026852
7 0.610807 0.606019 0.015885 0.025000
4 0.486979 0.081944 0.011979 0.048148
4 0.149089 0.582870 0.034115 0.025000
0 0.263151 0.609954 0.066406 0.102315
4 0.985677 0.532870 0.026562 0.025000
7 0.100651 0.762037 0.014844 0.021296
7 0.040755 0.772917 0.024219 0.023611
7 0.067448 0.801620 0.013021 0.015278
7 0.058594 0.833333 0.011979 0.017593
7 0.050781 0.824537 0.014583 0.023148
7 0.075260 0.809259 0.011979 0.015741
7 0.768229 0.781250 0.013021 0.029167
7 0.788508 0.757983 0.007981 0.013445
7 0.786512 0.746218 0.013567 0.013445
