7 0.628347 0.578998 0.015697 0.021195
7 0.180517 0.655106 0.015697 0.026975
7 0.278393 0.384393 0.013850 0.025048
7 0.264543 0.368979 0.013850 0.028902
7 0.250231 0.387283 0.016620 0.026975
4 0.982456 0.543353 0.031394 0.038536
4 0.488458 0.090559 0.014774 0.050096
4 0.149123 0.584778 0.034164 0.032755
7 0.767775 0.786127 0.013850 0.026975
7 0.058633 0.830443 0.015697 0.019268
0 0.760575 0.532773 0.073424 0.057143
7 0.779729 0.717647 0.009577 0.013445
7 0.793695 0.733613 0.007183 0.018487
7 0.038707 0.768908 0.023144 0.021849
7 0.051077 0.821849 0.017558 0.020168
7 0.787709 0.731092 0.006385 0.016807
7 0.077414 0.789076 0.012769 0.018487
7 0.071429 0.801681 0.015164 0.020168
4 0.353152 0.498319 0.031125 0.021849
7 0.611333 0.597479 0.014366 0.028571
0 0.262570 0.615126 0.067039 0.104202
