1 0.347712 0.745229 0.066281 0.053435
0 0.458443 0.411260 0.056286 0.078244
7 0.387691 0.629771 0.010521 0.015267
7 0.497896 0.791031 0.006839 0.015267
7 0.500000 0.806298 0.006839 0.011450
7 0.339821 0.915553 0.016833 0.021947
4 0.487112 0.223282 0.009469 0.045802
7 0.462651 0.046279 0.009995 0.025763
4 0.488690 0.718511 0.024198 0.026718
4 0.335350 0.813931 0.014203 0.049618
5 0.574222 0.673950 0.018356 0.020168
7 0.559856 0.088235 0.010375 0.018487
4 0.505986 0.019328 0.012769 0.038655
4 0.323623 0.632773 0.010375 0.048739
7 0.305267 0.678992 0.013567 0.016807
0 0.339585 0.955462 0.072626 0.058824
