0 0.341399 0.550573 0.055760 0.082061
4 0.322988 0.638359 0.012625 0.051527
7 0.288006 0.887405 0.014203 0.024809
5 0.574621 0.673950 0.019154 0.020168
7 0.562650 0.303361 0.012769 0.018487
7 0.533121 0.216807 0.009577 0.020168
4 0.514765 0.785714 0.011173 0.048739
4 0.497606 0.578151 0.011971 0.047059
4 0.447725 0.732773 0.027135 0.030252
7 0.328412 0.796639 0.008779 0.016807
7 0.283320 0.713445 0.014366 0.021849
4 0.013168 0.239496 0.024741 0.031933
7 0.332003 0.781513 0.011173 0.023529
0 0.918595 0.686555 0.043097 0.089076
1 0.347965 0.747899 0.065443 0.053782
0 0.339984 0.957983 0.071828 0.060504
