4 0.984303 0.544316 0.029548 0.032755
7 0.613112 0.601156 0.012927 0.030829
7 0.630194 0.580925 0.013850 0.028902
7 0.065097 0.817919 0.010157 0.025048
7 0.362419 0.359345 0.010157 0.032755
7 0.371653 0.357418 0.010157 0.032755
7 0.709141 0.796724 0.014774 0.028902
7 0.785780 0.740848 0.009234 0.017341
7 0.787627 0.764933 0.011080 0.019268
4 0.153278 0.587669 0.031394 0.023121
0 0.098338 0.483622 0.074792 0.053950
5 0.484303 0.418112 0.024931 0.019268
4 0.491221 0.094118 0.011971 0.047059
7 0.043895 0.773109 0.023943 0.026891
7 0.054669 0.818487 0.016760 0.033613
0 0.265762 0.617647 0.067039 0.105882
