4 0.983333 0.558796 0.029687 0.026852
7 0.631510 0.588657 0.016667 0.032870
4 0.678255 0.502778 0.026823 0.023148
4 0.441797 0.104861 0.017448 0.056019
4 0.015234 0.529861 0.028385 0.027315
4 0.156120 0.589583 0.031510 0.027315
7 0.759375 0.810185 0.011979 0.025000
7 0.149219 0.764815 0.011979 0.019444
7 0.145833 0.789815 0.010937 0.023148
7 0.729848 0.810924 0.008779 0.015126
7 0.733041 0.809244 0.007183 0.015126
7 0.371109 0.361345 0.009577 0.026891
7 0.362330 0.362185 0.009577 0.028571
7 0.317239 0.389916 0.015164 0.023529
4 0.492817 0.102521 0.015164 0.050420
0 0.266560 0.621008 0.063847 0.105882
7 0.613727 0.605882 0.012769 0.028571
7 0.045092 0.776471 0.021548 0.023529
7 0.056664 0.822689 0.019154 0.025210
0 0.897047 0.460504 0.070231 0.057143
