7 0.692521 0.362235 0.018467 0.030829
4 0.164820 0.586705 0.036011 0.028902
4 0.257156 0.489403 0.032318 0.030829
4 0.981533 0.548170 0.031394 0.025048
0 0.275623 0.616570 0.067405 0.104046
1 0.397969 0.452794 0.079409 0.111753
4 0.497606 0.101681 0.013567 0.048739
7 0.370311 0.362185 0.011173 0.028571
7 0.376696 0.362185 0.011173 0.028571
7 0.057462 0.723529 0.011173 0.015126
7 0.070231 0.723529 0.011173 0.021849
7 0.053472 0.768908 0.015962 0.021849
7 0.069433 0.817647 0.012769 0.025210
7 0.617717 0.602521 0.014366 0.025210
7 0.633280 0.583193 0.015164 0.020168
