4 0.980148 0.551060 0.032318 0.030829
4 0.156510 0.588632 0.037858 0.032755
4 0.457987 0.517341 0.035088 0.032755
0 0.119575 0.471098 0.071099 0.048170
7 0.757156 0.805395 0.014774 0.026975
0 0.643256 0.473950 0.070231 0.057143
0 0.267358 0.621008 0.063847 0.099160
7 0.735435 0.812605 0.010375 0.018487
7 0.740223 0.810084 0.007183 0.016807
7 0.519553 0.357983 0.012769 0.020168
7 0.363528 0.363025 0.010375 0.023529
7 0.613727 0.600840 0.012769 0.031933
7 0.631285 0.584874 0.011173 0.023529
7 0.058260 0.739496 0.019154 0.023529
7 0.045092 0.775630 0.021548 0.021849
7 0.073025 0.770588 0.013567 0.015126
7 0.059856 0.823529 0.019154 0.023529
7 0.371907 0.363025 0.012769 0.030252
4 0.491221 0.101681 0.011971 0.048739
