7 0.632041 0.592486 0.015697 0.032755
7 0.614958 0.607900 0.014774 0.032755
7 0.233610 0.387283 0.020314 0.026975
4 0.493075 0.102119 0.016620 0.057803
1 0.891505 0.461464 0.078486 0.055877
4 0.985226 0.556840 0.025854 0.023121
4 0.154663 0.591522 0.030471 0.019268
4 0.244229 0.519268 0.030471 0.021195
4 0.326870 0.454721 0.035088 0.023121
7 0.371653 0.362235 0.012004 0.030829
7 0.055863 0.828516 0.015697 0.023121
7 0.154663 0.789981 0.012004 0.026975
7 0.760849 0.813102 0.011080 0.030829
0 0.472761 0.490366 0.062789 0.044316
7 0.362729 0.362185 0.011971 0.031933
7 0.719074 0.792437 0.009577 0.015126
7 0.719074 0.805042 0.009577 0.016807
7 0.725459 0.806723 0.006385 0.010084
7 0.043496 0.779832 0.024741 0.020168
0 0.537510 0.731933 0.050279 0.119328
0 0.266560 0.623529 0.063847 0.104202
