0 0.762696 0.531792 0.073869 0.057803
4 0.983841 0.542389 0.028624 0.036609
4 0.493075 0.090559 0.016620 0.050096
4 0.154663 0.583815 0.039705 0.038536
7 0.632964 0.580925 0.013850 0.025048
7 0.269621 0.368015 0.012927 0.019268
7 0.482456 0.677264 0.010157 0.021195
7 0.041090 0.767823 0.019391 0.017341
7 0.073407 0.802505 0.012004 0.017341
7 0.614924 0.596639 0.016760 0.030252
7 0.792498 0.716807 0.009577 0.015126
7 0.782522 0.770588 0.008779 0.018487
7 0.789705 0.768067 0.013567 0.023529
7 0.770152 0.791597 0.015962 0.026891
7 0.268156 0.389076 0.014366 0.025210
7 0.258579 0.380672 0.011173 0.018487
7 0.053472 0.815126 0.015962 0.023529
7 0.061453 0.824370 0.015962 0.021849
7 0.079808 0.783193 0.015962 0.020168
0 0.267358 0.615966 0.063847 0.099160
