7 0.265466 0.368979 0.010157 0.021195
7 0.277008 0.391137 0.012927 0.023121
7 0.253924 0.387283 0.012927 0.023121
7 0.630194 0.580925 0.015697 0.032755
7 0.073869 0.798651 0.014774 0.021195
7 0.090951 0.817919 0.010157 0.017341
4 0.490305 0.097303 0.011080 0.052023
4 0.152355 0.582852 0.035088 0.025048
7 0.792897 0.755462 0.008779 0.015126
7 0.789705 0.763866 0.008779 0.011765
0 0.761373 0.534454 0.073424 0.060504
7 0.769354 0.786555 0.017558 0.023529
4 0.982043 0.546218 0.029529 0.026891
7 0.043496 0.772269 0.026337 0.025210
7 0.063847 0.827731 0.014366 0.018487
7 0.055068 0.817647 0.015962 0.021849
7 0.612530 0.598319 0.013567 0.026891
7 0.790104 0.716807 0.011173 0.015126
0 0.264166 0.616807 0.063847 0.097479
7 0.310455 0.668067 0.009577 0.021849
