4 0.982918 0.551060 0.030471 0.034682
5 0.507849 0.508671 0.027701 0.038536
4 0.051247 0.482659 0.036011 0.021195
4 0.157433 0.586705 0.034164 0.021195
7 0.632502 0.584778 0.016620 0.032755
7 0.726223 0.781310 0.012004 0.028902
7 0.084026 0.769750 0.012927 0.021195
7 0.084026 0.808285 0.011080 0.025048
7 0.060018 0.822736 0.014774 0.023121
7 0.047091 0.772640 0.020314 0.026975
7 0.616121 0.602521 0.014366 0.028571
0 0.269354 0.621849 0.064645 0.104202
7 0.365922 0.361345 0.011971 0.026891
7 0.375100 0.363866 0.011173 0.025210
4 0.494014 0.101681 0.012769 0.045378
