0 0.419668 0.394990 0.056325 0.092486
4 0.981994 0.539499 0.032318 0.026975
7 0.216990 0.620424 0.016620 0.019268
7 0.218375 0.650289 0.019391 0.021195
7 0.327331 0.650289 0.015697 0.017341
7 0.632964 0.576108 0.013850 0.026975
4 0.162973 0.578035 0.032318 0.023121
7 0.066482 0.712909 0.011080 0.023121
7 0.615323 0.590756 0.012769 0.025210
7 0.367917 0.354622 0.009577 0.026891
7 0.375100 0.354622 0.011173 0.026891
4 0.494413 0.094118 0.013567 0.050420
0 0.272945 0.609244 0.065443 0.105882
7 0.319633 0.677311 0.021548 0.026891
7 0.052275 0.761345 0.016760 0.020168
7 0.060654 0.716807 0.012769 0.015126
