7 0.559505 0.389815 0.007031 0.015741
7 0.349219 0.253009 0.008854 0.014352
4 0.384505 0.575463 0.011198 0.039815
4 0.330469 0.690972 0.022396 0.027315
7 0.365234 0.686806 0.009115 0.014352
1 0.349609 0.743519 0.068490 0.057407
7 0.287630 0.763194 0.015885 0.023611
7 0.967578 0.734259 0.015885 0.017593
7 0.286113 0.867227 0.015164 0.023529
7 0.343176 0.848739 0.017558 0.033613
7 0.347965 0.279832 0.011173 0.018487
7 0.337590 0.254622 0.009577 0.018487
7 0.565842 0.390756 0.009577 0.015126
7 0.969673 0.714286 0.015962 0.013445
5 0.302474 0.355462 0.019154 0.025210
7 0.205906 0.077311 0.019154 0.026891
4 0.324820 0.629412 0.011173 0.042017
0 0.341580 0.952101 0.068635 0.055462
0 0.333599 0.805882 0.051077 0.048739
