4 0.986150 0.541426 0.025854 0.034682
7 0.631579 0.578998 0.018467 0.028902
7 0.616343 0.605973 0.017544 0.025048
7 0.723915 0.350674 0.020314 0.026975
7 0.736380 0.372832 0.017544 0.021195
7 0.983380 0.324663 0.020314 0.021195
7 0.974146 0.356455 0.020314 0.026975
0 0.764543 0.532755 0.081256 0.063584
7 0.138504 0.681118 0.014774 0.021195
7 0.086334 0.799615 0.010157 0.015414
7 0.076639 0.817919 0.009234 0.017341
7 0.060942 0.839114 0.011080 0.017341
4 0.150970 0.592486 0.034164 0.025048
4 0.488920 0.092486 0.012004 0.046243
7 0.771468 0.791908 0.015697 0.026975
7 0.782921 0.750420 0.009577 0.015126
7 0.795291 0.750420 0.008779 0.011765
7 0.798883 0.746218 0.007981 0.010084
7 0.053472 0.828571 0.015962 0.030252
7 0.041500 0.784034 0.027135 0.025210
0 0.264565 0.623529 0.064645 0.100840
