7 0.299089 0.743981 0.015885 0.023148
7 0.283594 0.767361 0.014063 0.018056
7 0.294271 0.907870 0.011458 0.027778
7 0.427734 0.987269 0.012240 0.020833
0 0.427734 0.409028 0.058073 0.089352
1 0.347396 0.746528 0.067708 0.055093
3 0.536458 0.632176 0.026042 0.117130
4 0.321094 0.813194 0.022917 0.044907
5 0.575020 0.674790 0.016760 0.018487
7 0.923783 0.414286 0.013567 0.021849
4 0.322825 0.634454 0.011971 0.052101
7 0.565842 0.415966 0.009577 0.025210
7 0.634078 0.620168 0.008779 0.020168
0 0.338787 0.957983 0.071030 0.057143
