7 0.296615 0.717824 0.014583 0.020833
7 0.280859 0.737037 0.011719 0.015741
7 0.408724 0.745602 0.009115 0.021759
4 0.328906 0.695833 0.017708 0.034259
4 0.324089 0.630093 0.010677 0.040741
7 0.166927 0.435185 0.011458 0.016667
5 0.032943 0.282176 0.027865 0.029167
5 0.573823 0.675630 0.017558 0.013445
7 0.283719 0.869748 0.013567 0.021849
7 0.558260 0.579832 0.010375 0.020168
5 0.545890 0.612605 0.007981 0.031933
7 0.371907 0.118487 0.009577 0.025210
7 0.286512 0.690756 0.017558 0.026891
1 0.347965 0.744538 0.067039 0.053782
7 0.397446 0.728571 0.009577 0.018487
0 0.339984 0.953782 0.070231 0.052101
0 0.332003 0.810084 0.052674 0.047059
