4 0.981994 0.549133 0.028624 0.026975
7 0.592798 0.373796 0.014774 0.019268
7 0.630656 0.584778 0.014774 0.028902
7 0.748846 0.840077 0.009234 0.023121
7 0.750693 0.815992 0.012927 0.025048
4 0.935365 0.480732 0.031394 0.028902
4 0.155125 0.590559 0.031394 0.028902
0 0.588181 0.457611 0.064635 0.048170
4 0.492151 0.101156 0.011080 0.048170
7 0.614126 0.599160 0.013567 0.028571
7 0.371109 0.361345 0.009577 0.026891
7 0.363927 0.362185 0.009577 0.028571
7 0.058659 0.732773 0.015164 0.016807
7 0.046289 0.741176 0.014366 0.023529
7 0.046688 0.776471 0.024741 0.023529
7 0.058659 0.821849 0.016760 0.026891
0 0.266560 0.621008 0.065443 0.102521
