7 0.334896 0.296991 0.010937 0.018056
7 0.415365 0.905787 0.008854 0.019907
0 0.114193 0.356944 0.050781 0.050000
0 0.351562 0.426620 0.058333 0.052315
0 0.458333 0.435880 0.050521 0.085648
4 0.325000 0.628935 0.012500 0.044907
4 0.332031 0.665278 0.022917 0.024074
4 0.331120 0.693750 0.022135 0.028241
7 0.335026 0.835880 0.012240 0.013426
7 0.286113 0.866387 0.013567 0.025210
5 0.304070 0.354622 0.017558 0.030252
7 0.589385 0.625210 0.008779 0.016807
7 0.587390 0.637815 0.011173 0.021849
7 0.063448 0.200000 0.019952 0.026891
7 0.349162 0.224370 0.010375 0.028571
7 0.346768 0.240336 0.011971 0.020168
1 0.350359 0.743697 0.068635 0.058824
0 0.341979 0.952941 0.072626 0.053782
0 0.333599 0.805882 0.049481 0.045378
