7 0.158818 0.597303 0.018467 0.019268
7 0.158818 0.640655 0.016620 0.021195
7 0.369806 0.350674 0.008310 0.026975
7 0.378578 0.350674 0.009234 0.030829
5 0.434441 0.331407 0.019391 0.042389
4 0.253463 0.493256 0.037858 0.034682
4 0.981994 0.537572 0.034164 0.026975
0 0.275162 0.605010 0.064635 0.107900
7 0.616121 0.589916 0.011173 0.026891
7 0.634078 0.577311 0.013567 0.025210
0 0.971269 0.427731 0.054270 0.052101
7 0.055467 0.759664 0.016760 0.016807
7 0.061053 0.718487 0.011971 0.018487
7 0.067438 0.713445 0.015164 0.021849
7 0.149641 0.617647 0.019952 0.021849
4 0.163607 0.574790 0.035116 0.023529
4 0.497606 0.094118 0.013567 0.050420
