4 0.862419 0.441233 0.031394 0.034682
4 0.981533 0.544316 0.033241 0.028902
4 0.151431 0.584778 0.036934 0.032755
4 0.489381 0.094412 0.016620 0.050096
7 0.251616 0.389210 0.013850 0.023121
7 0.265005 0.368979 0.014774 0.021195
7 0.246076 0.665703 0.015697 0.025048
7 0.629732 0.578035 0.014774 0.023121
7 0.060480 0.828516 0.013850 0.023121
7 0.075254 0.802505 0.013850 0.017341
7 0.078486 0.788054 0.012927 0.015414
7 0.791700 0.755462 0.011173 0.015126
7 0.789705 0.761345 0.008779 0.016807
7 0.766560 0.787395 0.011971 0.018487
0 0.760575 0.531933 0.073424 0.058824
7 0.280128 0.388235 0.012769 0.026891
7 0.043097 0.769748 0.023943 0.023529
7 0.053073 0.819328 0.016760 0.031933
7 0.610934 0.597479 0.015164 0.028571
7 0.779729 0.719328 0.009577 0.016807
0 0.264166 0.615126 0.063847 0.100840
