7 0.081256 0.786127 0.011080 0.023121
7 0.055863 0.828516 0.015697 0.019268
7 0.681440 0.710019 0.011080 0.017341
7 0.690674 0.719653 0.011080 0.025048
7 0.631117 0.590559 0.013850 0.025048
7 0.613112 0.607900 0.012927 0.028902
4 0.155586 0.591522 0.034164 0.023121
4 0.420129 0.484586 0.029548 0.025048
7 0.364266 0.365125 0.008310 0.028902
7 0.372576 0.366089 0.008310 0.026975
4 0.493075 0.105973 0.012927 0.053950
4 0.982918 0.554913 0.026777 0.023121
7 0.043496 0.779832 0.018356 0.016807
7 0.062650 0.796639 0.016760 0.020168
7 0.690343 0.721008 0.007981 0.016807
0 0.268156 0.623529 0.063847 0.104202
