7 0.317318 0.678472 0.010156 0.016204
1 0.349349 0.744444 0.067969 0.057407
5 0.575818 0.673950 0.016760 0.016807
7 0.285315 0.868908 0.013567 0.020168
5 0.547486 0.612605 0.007981 0.035294
7 0.572227 0.600840 0.009577 0.018487
7 0.375100 0.115966 0.011173 0.020168
7 0.282921 0.326891 0.011971 0.015126
7 0.371508 0.282353 0.010375 0.013445
7 0.386672 0.273109 0.010375 0.021849
4 0.329609 0.692437 0.022346 0.033613
4 0.325219 0.627731 0.011971 0.038655
0 0.339984 0.955462 0.073424 0.058824
0 0.333998 0.808403 0.051875 0.047059
