4 0.980078 0.546296 0.034115 0.028704
7 0.629818 0.582870 0.018490 0.028704
7 0.046224 0.769907 0.018490 0.025000
7 0.758594 0.856481 0.011979 0.025000
7 0.611849 0.597222 0.010156 0.026852
4 0.155208 0.585648 0.033333 0.023148
4 0.830078 0.480556 0.031510 0.021296
7 0.753392 0.358824 0.017558 0.021849
7 0.750599 0.880672 0.015164 0.023529
7 0.758180 0.888235 0.007981 0.018487
7 0.371508 0.359664 0.010375 0.026891
4 0.491221 0.099160 0.013567 0.053782
0 0.405028 0.478992 0.067837 0.047059
0 0.266161 0.617647 0.064645 0.102521
7 0.363128 0.357983 0.007981 0.026891
7 0.042698 0.723529 0.010375 0.021849
7 0.057063 0.736134 0.016760 0.020168
7 0.057462 0.816807 0.022346 0.030252
