7 0.201172 0.391898 0.012240 0.013426
1 0.348698 0.744676 0.066667 0.056944
4 0.330469 0.694213 0.020833 0.031019
5 0.575419 0.673950 0.015962 0.016807
7 0.285714 0.870588 0.014366 0.026891
5 0.546688 0.614286 0.009577 0.031933
7 0.559856 0.578992 0.010375 0.018487
7 0.371907 0.119328 0.011173 0.016807
7 0.390263 0.621008 0.011173 0.021849
7 0.375100 0.624370 0.009577 0.018487
7 0.289306 0.683193 0.016760 0.021849
4 0.324820 0.632773 0.011173 0.045378
0 0.340782 0.956303 0.070231 0.060504
0 0.331604 0.809244 0.051875 0.048739
