4 0.984303 0.543353 0.027701 0.034682
4 0.492613 0.087669 0.017544 0.052023
7 0.633887 0.578035 0.015697 0.023121
7 0.616343 0.600193 0.013850 0.025048
7 0.253463 0.384393 0.015697 0.028902
7 0.058633 0.825626 0.012004 0.025048
7 0.771468 0.789981 0.013850 0.026975
7 0.804247 0.775530 0.009234 0.021195
4 0.150970 0.582852 0.034164 0.025048
0 0.764964 0.531933 0.071030 0.058824
0 0.266161 0.612605 0.066241 0.099160
7 0.274142 0.384034 0.013567 0.025210
7 0.267358 0.367227 0.012769 0.021849
7 0.794892 0.716807 0.011173 0.018487
7 0.433759 0.657143 0.015164 0.020168
7 0.782921 0.768908 0.009577 0.018487
7 0.790503 0.767227 0.011971 0.021849
7 0.041500 0.767227 0.022346 0.025210
7 0.053073 0.818487 0.013567 0.026891
7 0.077414 0.781513 0.015962 0.016807
7 0.072626 0.800000 0.015962 0.020168
