7 0.701754 0.817919 0.011080 0.028902
4 0.493615 0.107563 0.013567 0.050420
4 0.466879 0.210084 0.015962 0.060504
7 0.051476 0.728571 0.011971 0.018487
7 0.069433 0.757143 0.015962 0.025210
7 0.048683 0.776471 0.022346 0.023529
7 0.062251 0.822689 0.017558 0.028571
7 0.364326 0.364706 0.010375 0.023529
7 0.372706 0.367227 0.012769 0.035294
4 0.981245 0.555462 0.031125 0.025210
0 0.270551 0.623529 0.063847 0.100840
4 0.159218 0.593277 0.032721 0.023529
7 0.614924 0.605042 0.013567 0.030252
7 0.631684 0.587395 0.013567 0.021849
