7 0.546113 0.030442 0.007466 0.024187
7 0.286342 0.763553 0.013175 0.020851
7 0.313790 0.828190 0.011858 0.021685
4 0.321256 0.811510 0.020641 0.041701
1 0.346948 0.746038 0.068511 0.057548
3 0.089372 0.316097 0.066315 0.076731
4 0.014493 0.356130 0.028986 0.030025
5 0.573823 0.673109 0.017558 0.018487
7 0.924182 0.413445 0.012769 0.020168
7 0.636073 0.615126 0.011173 0.016807
4 0.321628 0.629412 0.011173 0.042017
7 0.293695 0.900840 0.012769 0.030252
3 0.326417 0.418487 0.057462 0.047059
0 0.338388 0.957143 0.073424 0.055462
