4 0.480392 0.243935 0.014308 0.044025
0 0.980018 0.679733 0.035573 0.041701
5 0.575818 0.673950 0.015164 0.016807
7 0.366720 0.096639 0.010375 0.021849
7 0.470870 0.126891 0.011173 0.028571
7 0.285315 0.867227 0.021548 0.023529
1 0.347965 0.745378 0.068635 0.055462
5 0.535515 0.786555 0.009577 0.030252
7 0.540303 0.782353 0.012769 0.025210
7 0.551476 0.703361 0.011173 0.021849
7 0.547885 0.884874 0.011971 0.028571
7 0.468875 0.878992 0.011971 0.020168
4 0.324022 0.631933 0.011173 0.047059
0 0.340782 0.957143 0.070231 0.058824
