7 0.634811 0.578998 0.015697 0.025048
7 0.616805 0.429672 0.014774 0.034682
7 0.371191 0.379576 0.011080 0.023121
4 0.494922 0.087669 0.016620 0.052023
4 0.987073 0.548170 0.022161 0.025048
4 0.152355 0.584778 0.035088 0.032755
7 0.796399 0.717726 0.010157 0.021195
7 0.775623 0.794798 0.016620 0.025048
7 0.513850 0.683044 0.010157 0.025048
7 0.038319 0.769750 0.019391 0.021195
7 0.068790 0.799615 0.013850 0.019268
7 0.058633 0.829480 0.013850 0.021195
7 0.616520 0.600000 0.013567 0.033613
7 0.259377 0.379832 0.011173 0.020168
7 0.270551 0.368908 0.015962 0.025210
7 0.077813 0.784034 0.016760 0.018487
7 0.778931 0.791597 0.009577 0.016807
7 0.791700 0.767227 0.015962 0.021849
7 0.051077 0.819328 0.014366 0.025210
0 0.264166 0.615966 0.068635 0.109244
0 0.766959 0.534454 0.073424 0.057143
