5 0.323698 0.408796 0.022917 0.014815
4 0.485547 0.520139 0.015365 0.031019
4 0.324219 0.628935 0.011458 0.040278
4 0.330859 0.692361 0.021615 0.028241
7 0.307812 0.765046 0.011458 0.020833
1 0.349609 0.745139 0.068490 0.054167
5 0.577734 0.675231 0.016406 0.020833
7 0.285714 0.868908 0.014366 0.023529
7 0.570231 0.674790 0.011971 0.021849
7 0.558659 0.566387 0.007981 0.016807
7 0.552275 0.603361 0.009577 0.020168
5 0.545491 0.608403 0.008779 0.033613
7 0.460894 0.773109 0.010375 0.013445
7 0.459697 0.789076 0.009577 0.021849
0 0.342777 0.954622 0.069433 0.057143
0 0.333599 0.807563 0.049481 0.048739
