4 0.982031 0.549074 0.028646 0.030556
7 0.631120 0.581944 0.012240 0.026852
7 0.713802 0.811111 0.009375 0.026852
7 0.055339 0.723611 0.009115 0.017593
7 0.063281 0.717593 0.011979 0.021296
0 0.272786 0.616898 0.064323 0.104167
0 0.208724 0.482870 0.062760 0.048148
4 0.158854 0.585648 0.031250 0.026852
7 0.615365 0.600231 0.011979 0.029167
4 0.494812 0.102521 0.014366 0.050420
7 0.366720 0.359664 0.007183 0.026891
7 0.375499 0.362185 0.011971 0.028571
7 0.051875 0.790756 0.015962 0.018487
7 0.063448 0.817647 0.015164 0.025210
