7 0.312500 0.282639 0.008333 0.015278
7 0.329427 0.834028 0.008854 0.017130
1 0.348438 0.744444 0.070833 0.057407
5 0.574621 0.676471 0.017558 0.015126
7 0.284517 0.868067 0.013567 0.021849
7 0.571828 0.601681 0.008779 0.016807
5 0.545890 0.612605 0.007981 0.031933
7 0.373105 0.120168 0.010375 0.025210
7 0.406225 0.176471 0.009577 0.020168
4 0.324820 0.627731 0.012769 0.038655
7 0.368316 0.670588 0.010375 0.023529
4 0.328811 0.693277 0.023943 0.035294
0 0.341181 0.956303 0.069433 0.060504
0 0.332003 0.808403 0.051077 0.047059
