7 0.637119 0.583815 0.012927 0.023121
7 0.860572 0.348748 0.014774 0.015414
7 0.866113 0.368979 0.016620 0.017341
7 0.903047 0.359345 0.022161 0.021195
7 0.926131 0.364162 0.016620 0.019268
4 0.983841 0.550096 0.030471 0.025048
4 0.166667 0.588632 0.039705 0.032755
0 0.278393 0.619461 0.063712 0.109827
7 0.054017 0.736994 0.010157 0.017341
7 0.071560 0.722543 0.012004 0.019268
7 0.058633 0.772640 0.015697 0.019268
7 0.073407 0.819846 0.015697 0.025048
4 0.500399 0.105042 0.014366 0.052101
7 0.816042 0.598319 0.013567 0.020168
7 0.620511 0.601681 0.013567 0.030252
7 0.376297 0.379832 0.011971 0.016807
7 0.373903 0.362185 0.010375 0.021849
7 0.381484 0.365546 0.011173 0.025210
7 0.916201 0.335294 0.014366 0.015126
7 0.926177 0.343697 0.021548 0.018487
