7 0.531856 0.626204 0.012927 0.023121
7 0.636657 0.584778 0.013850 0.021195
7 0.630194 0.426782 0.013850 0.021195
7 0.614035 0.401734 0.011080 0.021195
7 0.635272 0.390173 0.011080 0.021195
7 0.638966 0.362235 0.011080 0.019268
7 0.367498 0.370906 0.009234 0.025048
4 0.407202 0.051060 0.018467 0.055877
4 0.499077 0.104046 0.019391 0.053950
4 0.983380 0.549133 0.031394 0.030829
4 0.166667 0.590559 0.037858 0.028902
0 0.276085 0.617534 0.064635 0.105973
7 0.069714 0.818882 0.015697 0.023121
7 0.069714 0.721580 0.012004 0.017341
7 0.056664 0.773109 0.012769 0.016807
7 0.619314 0.603361 0.014366 0.023529
7 0.379489 0.385714 0.011971 0.021849
7 0.380686 0.365546 0.012769 0.021849
7 0.613727 0.378992 0.009577 0.025210
7 0.644852 0.380672 0.019154 0.018487
