7 0.628347 0.576108 0.015697 0.030829
7 0.369344 0.346821 0.009234 0.034682
7 0.360572 0.348748 0.012004 0.034682
0 0.263158 0.605010 0.068329 0.111753
4 0.980148 0.543353 0.032318 0.038536
4 0.488920 0.086705 0.015697 0.053950
4 0.150970 0.579961 0.037858 0.034682
0 0.173592 0.475915 0.070175 0.046243
7 0.071099 0.777457 0.011080 0.017341
7 0.069252 0.811175 0.012927 0.023121
7 0.785319 0.736031 0.010157 0.019268
7 0.783472 0.759152 0.012004 0.019268
7 0.899441 0.616807 0.014366 0.020168
7 0.765363 0.784034 0.012769 0.031933
7 0.041101 0.759664 0.019952 0.020168
7 0.053472 0.809244 0.014366 0.021849
0 0.755786 0.531092 0.071828 0.057143
7 0.608939 0.592437 0.014366 0.031933
