7 0.632041 0.578998 0.017544 0.028902
7 0.660665 0.422929 0.015697 0.028902
7 0.625115 0.361272 0.018467 0.021195
7 0.445983 0.368015 0.009234 0.023121
7 0.449677 0.392100 0.016620 0.025048
4 0.984765 0.543353 0.026777 0.034682
4 0.491228 0.096339 0.018467 0.053950
4 0.155125 0.589595 0.036934 0.034682
0 0.765005 0.533719 0.072946 0.061657
7 0.140813 0.676301 0.013850 0.023121
7 0.769160 0.789981 0.014774 0.023121
7 0.089385 0.794958 0.015962 0.023529
7 0.046289 0.778151 0.025539 0.023529
7 0.064645 0.834454 0.014366 0.021849
7 0.056265 0.825210 0.013567 0.023529
7 0.613727 0.598319 0.012769 0.030252
7 0.792099 0.750420 0.008779 0.021849
7 0.794493 0.747059 0.010375 0.015126
0 0.266161 0.621849 0.063049 0.100840
