0 0.276085 0.617534 0.064635 0.102119
4 0.165282 0.589595 0.035088 0.026975
4 0.498153 0.104046 0.015697 0.050096
4 0.981071 0.551060 0.032318 0.026975
4 0.520314 0.586705 0.017544 0.063584
7 0.698061 0.385356 0.012927 0.019268
7 0.704986 0.361272 0.013850 0.017341
7 0.714681 0.378613 0.012927 0.017341
7 0.677747 0.386320 0.014774 0.021195
7 0.054017 0.771676 0.017544 0.021195
7 0.068790 0.720617 0.010157 0.015414
7 0.071030 0.816807 0.015962 0.023529
7 0.602554 0.642857 0.009577 0.021849
7 0.618915 0.602521 0.015164 0.025210
7 0.379090 0.386555 0.012769 0.016807
7 0.371508 0.364706 0.011971 0.020168
7 0.379489 0.364706 0.011971 0.023529
7 0.636073 0.583193 0.014366 0.020168
7 0.677175 0.369748 0.010375 0.016807
7 0.696329 0.419328 0.018356 0.018487
