7 0.456140 0.387283 0.016620 0.023121
7 0.315328 0.369942 0.013850 0.023121
7 0.318560 0.393064 0.020314 0.023121
7 0.614958 0.603083 0.016620 0.023121
4 0.983841 0.545279 0.028624 0.030829
4 0.489843 0.094412 0.015697 0.053950
4 0.152355 0.588632 0.035088 0.032755
0 0.264543 0.617534 0.063712 0.102119
7 0.769160 0.793834 0.014774 0.026975
7 0.140351 0.676301 0.016620 0.015414
7 0.082179 0.806358 0.012927 0.021195
7 0.061865 0.837187 0.014774 0.021195
7 0.800080 0.774790 0.013567 0.016807
7 0.772945 0.763025 0.010375 0.016807
7 0.790503 0.720168 0.008779 0.015126
7 0.795690 0.717647 0.009577 0.013445
7 0.043496 0.774790 0.026337 0.023529
7 0.054669 0.823529 0.016760 0.023529
0 0.762570 0.535294 0.072626 0.055462
7 0.632482 0.581513 0.011971 0.023529
