0 0.432422 0.251620 0.036198 0.118056
7 0.612630 0.597222 0.013802 0.030556
7 0.629818 0.582870 0.014844 0.025000
4 0.981510 0.550000 0.027604 0.025000
4 0.491667 0.101157 0.015625 0.048611
4 0.157422 0.586574 0.030469 0.025000
7 0.061458 0.723611 0.011979 0.021296
7 0.055859 0.732176 0.008073 0.018981
7 0.712370 0.811111 0.010156 0.026852
0 0.268955 0.620168 0.063847 0.100840
7 0.364725 0.364706 0.009577 0.026891
7 0.373105 0.363866 0.010375 0.031933
7 0.047885 0.772269 0.020750 0.025210
7 0.061852 0.820168 0.016760 0.023529
