4 0.376907 0.785305 0.026828 0.028626
4 0.451604 0.343511 0.022620 0.047710
4 0.324566 0.634065 0.011573 0.050573
7 0.348764 0.664122 0.010521 0.019084
7 0.302209 0.898378 0.015255 0.023855
0 0.243556 0.396947 0.054708 0.055344
7 0.460547 0.110687 0.008943 0.017176
4 0.617307 0.722328 0.023672 0.022901
5 0.574222 0.673109 0.018356 0.021849
7 0.563847 0.151261 0.011971 0.023529
7 0.443735 0.800840 0.007981 0.015126
7 0.443735 0.790756 0.011173 0.015126
4 0.397446 0.389916 0.022346 0.033613
1 0.348364 0.743697 0.066241 0.055462
0 0.339984 0.952941 0.070231 0.057143
