7 0.302214 0.346528 0.009635 0.010648
4 0.501563 0.105093 0.008854 0.041667
7 0.798307 0.721991 0.012760 0.014352
7 0.796484 0.756250 0.016406 0.020833
7 0.342057 0.843981 0.012240 0.018519
7 0.291016 0.763889 0.015365 0.018519
4 0.331380 0.692130 0.020573 0.026852
7 0.287310 0.866387 0.014366 0.025210
5 0.300479 0.360504 0.013567 0.018487
7 0.311253 0.338655 0.011173 0.018487
7 0.567039 0.131092 0.007183 0.020168
7 0.551077 0.124370 0.010375 0.020168
4 0.325219 0.624370 0.011971 0.042017
1 0.349561 0.741176 0.067039 0.057143
0 0.341580 0.952101 0.068635 0.055462
0 0.333998 0.806723 0.051875 0.047059
