0 0.266390 0.610790 0.065559 0.107900
4 0.488920 0.096339 0.015697 0.050096
4 0.156510 0.578998 0.037858 0.028902
4 0.973684 0.541426 0.030471 0.026975
7 0.901200 0.528902 0.016620 0.025048
7 0.898430 0.578998 0.016620 0.021195
7 0.900739 0.602119 0.017544 0.025048
7 0.914127 0.337187 0.012927 0.019268
7 0.359649 0.356455 0.010157 0.030829
7 0.369344 0.356455 0.011080 0.030829
7 0.046630 0.763969 0.017544 0.021195
7 0.051708 0.715800 0.007387 0.017341
7 0.062789 0.712909 0.011080 0.019268
0 0.414206 0.085714 0.038308 0.124370
7 0.899042 0.336975 0.016760 0.021849
7 0.608540 0.589076 0.013567 0.028571
7 0.626097 0.577311 0.015164 0.025210
