1 0.348047 0.744444 0.067969 0.052778
7 0.356771 0.779861 0.011979 0.019907
7 0.306250 0.750463 0.013542 0.016667
5 0.529818 0.826389 0.006510 0.035185
4 0.329297 0.695139 0.021094 0.033796
4 0.324349 0.631019 0.010156 0.040741
4 0.125130 0.396065 0.022135 0.023611
5 0.574621 0.676471 0.017558 0.018487
7 0.285315 0.870588 0.015164 0.023529
7 0.572626 0.689076 0.010375 0.016807
5 0.545491 0.611765 0.008779 0.030252
7 0.569034 0.602521 0.012769 0.018487
7 0.367518 0.776471 0.008779 0.016807
0 0.340383 0.957143 0.071030 0.055462
0 0.333200 0.810924 0.050279 0.045378
