4 0.981994 0.549133 0.032318 0.034682
4 0.154663 0.586705 0.032318 0.021195
4 0.351801 0.523121 0.033241 0.025048
7 0.612188 0.601156 0.011080 0.023121
7 0.630656 0.586705 0.012927 0.021195
7 0.737765 0.832370 0.009234 0.026975
7 0.042475 0.726397 0.011080 0.015414
7 0.043398 0.744701 0.014774 0.021195
7 0.044321 0.770713 0.018467 0.023121
7 0.673184 0.363025 0.015164 0.023529
7 0.362330 0.358824 0.009577 0.021849
7 0.371508 0.362185 0.011971 0.025210
7 0.751397 0.842857 0.015164 0.018487
7 0.750599 0.854622 0.011971 0.011765
7 0.056265 0.822689 0.018356 0.021849
0 0.266560 0.620168 0.063847 0.100840
4 0.492019 0.101681 0.013567 0.045378
