4 0.984303 0.537572 0.027701 0.030829
7 0.632502 0.575145 0.014774 0.025048
7 0.614497 0.590559 0.017544 0.028902
7 0.180517 0.352601 0.019391 0.019268
7 0.786704 0.767823 0.009234 0.013487
4 0.152355 0.578998 0.036934 0.032755
7 0.770152 0.781513 0.015962 0.020168
7 0.790503 0.752101 0.013567 0.021849
7 0.789306 0.710084 0.009577 0.015126
7 0.362330 0.348739 0.011173 0.028571
7 0.371508 0.350420 0.010375 0.025210
7 0.042298 0.763866 0.020750 0.021849
7 0.044693 0.804202 0.015962 0.021849
7 0.055866 0.812605 0.017558 0.028571
7 0.068236 0.827731 0.013567 0.021849
0 0.456504 0.242017 0.043097 0.121008
4 0.491221 0.086555 0.018356 0.052101
7 0.075419 0.784874 0.013567 0.016807
0 0.265762 0.608403 0.067039 0.104202
