0 0.726693 0.869213 0.051823 0.063426
4 0.801693 0.143750 0.030990 0.024537
7 0.343490 0.837269 0.010417 0.022685
7 0.408724 0.879630 0.011198 0.019444
7 0.034375 0.228472 0.019271 0.020833
7 0.466797 0.132407 0.011198 0.021296
7 0.475651 0.124306 0.011198 0.014352
3 0.038672 0.389583 0.074219 0.050463
4 0.752195 0.624370 0.026337 0.028571
4 0.323224 0.393277 0.028731 0.023529
2 0.222666 0.505042 0.132482 0.062185
4 0.068236 0.487395 0.029529 0.026891
0 0.443735 0.811765 0.057462 0.053782
0 0.818037 0.300000 0.054270 0.042017
0 0.607741 0.247899 0.047087 0.042017
0 0.044294 0.315126 0.056664 0.048739
0 0.116919 0.496639 0.050279 0.042017
