3 0.167997 0.510569 0.075818 0.052033
0 0.641261 0.493496 0.056664 0.060163
0 0.569832 0.495122 0.046289 0.060163
0 0.660814 0.558537 0.059058 0.069919
0 0.832003 0.629268 0.058260 0.071545
0 0.927773 0.709756 0.064645 0.076423
0 0.758978 0.933333 0.057462 0.068293
1 0.416999 0.386179 0.142857 0.089431
1 0.729050 0.249593 0.058260 0.050407
0 0.907422 0.305691 0.057462 0.052033
6 0.697127 0.955285 0.032721 0.060163
7 0.929769 0.852846 0.012769 0.021138
7 0.944134 0.864228 0.012769 0.024390
7 0.485235 0.146341 0.007981 0.022764
7 0.259377 0.552033 0.012769 0.014634
7 0.266959 0.808130 0.011971 0.019512
7 0.288109 0.832520 0.009577 0.016260
7 0.411014 0.881301 0.009577 0.022764
7 0.487630 0.905691 0.012769 0.019512
7 0.402235 0.878862 0.009577 0.021138
5 0.581405 0.400813 0.021548 0.024390
4 0.270551 0.487805 0.028731 0.019512
4 0.715084 0.549593 0.030327 0.032520
4 0.749002 0.630894 0.031125 0.039024
7 0.183958 0.815447 0.011971 0.017886
4 0.764163 0.289408 0.023715 0.016681
4 0.812849 0.141176 0.026337 0.016807
0 0.024342 0.487395 0.047087 0.043697
0 0.087390 0.505882 0.059856 0.047059
0 0.612530 0.248739 0.047087 0.043697
0 0.179569 0.385714 0.059058 0.048739
0 0.826018 0.320168 0.060654 0.048739
