7 0.464062 0.657639 0.008854 0.018056
7 0.288151 0.838194 0.009635 0.020833
7 0.265365 0.814815 0.010417 0.019444
7 0.207813 0.816435 0.011979 0.016204
7 0.407422 0.879630 0.010156 0.019444
4 0.814844 0.143056 0.030208 0.023148
4 0.894271 0.707407 0.029687 0.032407
4 0.949219 0.798380 0.035937 0.039352
0 0.613021 0.247222 0.049479 0.045370
0 0.712240 0.400463 0.066146 0.047222
0 0.697917 0.598380 0.058333 0.074537
0 0.767448 0.647222 0.061458 0.075000
0 0.853125 0.658565 0.055729 0.071759
0 0.841146 0.709722 0.049479 0.060185
0 0.899870 0.756019 0.056510 0.064815
0 0.965755 0.739120 0.062240 0.076389
0 0.441276 0.832407 0.059115 0.058333
2 0.629687 0.317824 0.130729 0.076389
2 0.498307 0.788657 0.123698 0.104167
1 0.729427 0.248843 0.058854 0.045833
1 0.757031 0.570833 0.136458 0.146296
3 0.166406 0.506481 0.077604 0.053704
4 0.237760 0.482176 0.030208 0.020833
5 0.839193 0.604167 0.024740 0.034259
7 0.484635 0.140741 0.006771 0.016667
7 0.400239 0.880672 0.008779 0.020168
