7 0.473307 0.130093 0.009635 0.029630
7 0.077734 0.235648 0.021615 0.019444
4 0.067448 0.490972 0.029687 0.029167
4 0.801302 0.144676 0.028646 0.026389
0 0.368229 0.346296 0.059896 0.049074
7 0.464884 0.131092 0.008779 0.023529
7 0.404629 0.882353 0.011173 0.020168
7 0.342378 0.838655 0.011173 0.020168
3 0.306065 0.415126 0.080607 0.053782
2 0.221468 0.506723 0.133280 0.062185
1 0.145251 0.337815 0.062251 0.047059
0 0.822027 0.298319 0.052674 0.045378
0 0.607342 0.247899 0.047885 0.042017
0 0.443735 0.812605 0.057462 0.052101
0 0.235435 0.685714 0.054270 0.050420
0 0.115722 0.497479 0.046289 0.040336
4 0.739425 0.577311 0.031125 0.031933
