4 0.812450 0.143902 0.030327 0.021138
4 0.703911 0.300000 0.027135 0.021138
4 0.841181 0.716260 0.030327 0.037398
3 0.085794 0.278049 0.075818 0.058537
3 0.714685 0.602439 0.074222 0.092683
7 0.647646 0.176423 0.011971 0.024390
7 0.479649 0.152846 0.009577 0.016260
7 0.500399 0.163415 0.012769 0.021138
7 0.184358 0.813008 0.011173 0.022764
7 0.265762 0.807317 0.011173 0.021138
7 0.287709 0.828455 0.008779 0.017886
7 0.333200 0.851220 0.010375 0.017886
7 0.401038 0.887805 0.008779 0.029268
0 0.811253 0.321951 0.063049 0.052033
0 0.904629 0.304878 0.053472 0.047154
0 0.770950 0.577236 0.059058 0.074797
0 0.843974 0.641463 0.061453 0.073171
0 0.921788 0.709756 0.063847 0.073171
0 0.797287 0.673984 0.055866 0.073171
0 0.641660 0.817886 0.059058 0.065041
7 0.974062 0.685366 0.013567 0.017886
7 0.640316 0.142202 0.008783 0.019183
1 0.728371 0.250626 0.058410 0.042535
7 0.198723 0.241176 0.009577 0.015126
7 0.206305 0.242017 0.010375 0.026891
0 0.610934 0.248739 0.048683 0.043697
