0 0.792498 0.646341 0.060654 0.073171
0 0.860734 0.700000 0.055068 0.069919
0 0.413807 0.047967 0.024741 0.086179
1 0.705507 0.591057 0.062251 0.089431
1 0.872306 0.649593 0.068635 0.076423
6 0.442937 0.155285 0.031923 0.060163
7 0.347167 0.835772 0.012769 0.022764
7 0.281724 0.795122 0.012769 0.019512
7 0.406624 0.876423 0.010375 0.019512
7 0.470870 0.111382 0.007981 0.024390
4 0.043496 0.632520 0.031125 0.022764
7 0.847167 0.203252 0.013567 0.026016
4 0.543097 0.421138 0.027933 0.019512
4 0.802075 0.138211 0.028731 0.019512
7 0.465283 0.133613 0.009577 0.021849
5 0.711492 0.492437 0.026337 0.026891
3 0.407422 0.708403 0.069433 0.062185
0 0.446129 0.810924 0.057462 0.052101
0 0.925379 0.287395 0.053472 0.047059
0 0.821229 0.298319 0.052674 0.045378
0 0.608939 0.247059 0.046289 0.043697
0 0.380686 0.468067 0.054270 0.048739
