7 0.332003 0.612195 0.011173 0.017886
7 0.400239 0.874797 0.008779 0.022764
7 0.411014 0.882114 0.007981 0.024390
7 0.267358 0.810569 0.012769 0.017886
4 0.333998 0.663415 0.024741 0.022764
4 0.893057 0.706504 0.031923 0.034146
4 0.814844 0.143089 0.028731 0.019512
5 0.839984 0.605691 0.023144 0.030894
3 0.168396 0.508943 0.076616 0.055285
0 0.441341 0.828455 0.059058 0.056911
0 0.489625 0.333333 0.045491 0.045528
0 0.787709 0.318699 0.051077 0.048780
0 0.853152 0.659350 0.054270 0.069919
0 0.965283 0.738211 0.061453 0.078049
1 0.763767 0.575610 0.137271 0.139837
0 0.696728 0.598319 0.055866 0.073950
0 0.766560 0.647059 0.059856 0.073950
7 0.483639 0.142857 0.007981 0.020168
2 0.943735 0.296639 0.109338 0.082353
0 0.611732 0.248739 0.045491 0.047059
1 0.728252 0.249580 0.056664 0.042017
