7 0.984115 0.198380 0.022396 0.026389
7 0.697917 0.164352 0.010417 0.019444
7 0.476823 0.147917 0.010417 0.022685
7 0.493490 0.156944 0.011979 0.021296
7 0.244922 0.816204 0.012760 0.019444
7 0.405339 0.880556 0.011198 0.021296
6 0.833984 0.630093 0.041406 0.053704
4 0.811328 0.683796 0.029427 0.034259
4 0.035547 0.356944 0.029427 0.027778
3 0.883854 0.727778 0.082292 0.092593
3 0.919010 0.690972 0.109375 0.110648
0 0.668880 0.562500 0.062240 0.075000
0 0.788411 0.583796 0.062240 0.075000
4 0.533073 0.791898 0.028646 0.026389
7 0.262969 0.794958 0.011971 0.016807
7 0.195132 0.808403 0.010375 0.020168
7 0.340782 0.844538 0.011173 0.021849
0 0.610535 0.244538 0.047885 0.045378
0 0.444533 0.815126 0.057462 0.050420
0 0.243815 0.642017 0.053472 0.047059
0 0.053871 0.499160 0.059856 0.043697
1 0.150838 0.499160 0.086193 0.047059
6 0.234238 0.518487 0.037510 0.035294
7 0.890263 0.193277 0.016760 0.020168
7 0.024741 0.207563 0.019154 0.015126
0 0.765762 0.634454 0.051875 0.062185
0 0.509976 0.834454 0.055866 0.052101
4 0.934557 0.782353 0.027135 0.035294
4 0.808460 0.136975 0.031923 0.018487
