7 0.479250 0.128455 0.008779 0.019512
7 0.476457 0.152033 0.009577 0.021138
7 0.492418 0.155285 0.009577 0.021138
7 0.195132 0.808130 0.010375 0.019512
7 0.270950 0.806504 0.013567 0.022764
7 0.313647 0.898374 0.009577 0.024390
7 0.342378 0.841463 0.011173 0.017886
7 0.405427 0.877236 0.007981 0.024390
6 0.948125 0.767480 0.033520 0.068293
6 0.720271 0.302439 0.040702 0.039024
4 0.978452 0.310569 0.027135 0.035772
4 0.808061 0.138211 0.029529 0.022764
4 0.205507 0.506504 0.031125 0.024390
4 0.314445 0.702439 0.027135 0.022764
2 0.255387 0.755285 0.129290 0.089431
2 0.363927 0.487805 0.148444 0.091057
0 0.081006 0.498374 0.056664 0.043902
0 0.525938 0.838211 0.057462 0.053659
0 0.774940 0.642276 0.059058 0.071545
0 0.818037 0.605691 0.059058 0.073171
0 0.610535 0.244538 0.047885 0.045378
0 0.445331 0.818487 0.057462 0.053782
7 0.029928 0.208403 0.016760 0.016807
