0 0.537109 0.401620 0.054427 0.055093
0 0.694401 0.576389 0.059115 0.073148
0 0.788021 0.658565 0.059896 0.071759
0 0.847135 0.629167 0.045312 0.064815
1 0.760156 0.570833 0.082292 0.087963
1 0.871615 0.712269 0.071875 0.084722
1 0.936979 0.696759 0.070312 0.083333
6 0.146094 0.502778 0.043229 0.040741
7 0.411068 0.010880 0.012760 0.020833
7 0.155208 0.216204 0.018229 0.019444
7 0.477995 0.130787 0.011198 0.018056
7 0.476042 0.156944 0.010417 0.021296
7 0.494531 0.156019 0.011979 0.019444
7 0.642448 0.141435 0.009375 0.022685
2 0.957031 0.788889 0.085938 0.119444
0 0.610136 0.247059 0.047087 0.043697
0 0.181963 0.325210 0.052674 0.045378
0 0.086193 0.490756 0.054270 0.040336
4 0.806065 0.139496 0.028731 0.020168
3 0.207901 0.502521 0.072626 0.047059
0 0.842378 0.352101 0.064645 0.045378
0 0.468875 0.330252 0.058260 0.048739
7 0.341979 0.841176 0.010375 0.018487
0 0.509178 0.830252 0.055866 0.053782
0 0.443735 0.816807 0.055866 0.050420
7 0.405826 0.884034 0.010375 0.020168
