1 0.895850 0.326016 0.075818 0.047154
1 0.807662 0.678862 0.068635 0.082927
1 0.862729 0.652846 0.054270 0.073171
0 0.724262 0.615447 0.055068 0.073171
0 0.879888 0.745528 0.058260 0.073171
0 0.951716 0.807317 0.063049 0.073171
0 0.442538 0.831707 0.058260 0.060163
0 0.103352 0.500000 0.059856 0.050407
0 0.187949 0.500813 0.058260 0.048780
0 0.029928 0.513821 0.059856 0.048780
7 0.409018 0.878049 0.008779 0.019512
7 0.400638 0.891057 0.009577 0.022764
7 0.483639 0.147967 0.007981 0.022764
7 0.096169 0.216260 0.016760 0.019512
5 0.803272 0.571545 0.019952 0.027642
7 0.748134 0.278565 0.010101 0.015013
7 0.076616 0.935294 0.015962 0.021849
4 0.815243 0.144538 0.029529 0.020168
0 0.613727 0.250420 0.047885 0.043697
3 0.744613 0.555462 0.098962 0.105882
1 0.730247 0.250420 0.057462 0.043697
