7 0.187630 0.257639 0.011198 0.011574
7 0.482031 0.152778 0.007812 0.019444
7 0.492839 0.157639 0.008594 0.016204
7 0.195443 0.808102 0.015885 0.019907
7 0.268099 0.805787 0.011198 0.024537
7 0.292839 0.819444 0.008073 0.019444
7 0.340755 0.843056 0.012760 0.017593
7 0.406641 0.878704 0.008594 0.027778
7 0.673568 0.966667 0.011198 0.021296
4 0.722266 0.614583 0.025781 0.029167
4 0.823698 0.649537 0.027083 0.027778
4 0.809766 0.138889 0.026302 0.021296
6 0.028776 0.636574 0.044531 0.037037
1 0.364323 0.674074 0.059896 0.053704
0 0.161979 0.734954 0.057292 0.052315
0 0.839974 0.312269 0.058073 0.045833
0 0.933333 0.306481 0.059896 0.050000
0 0.193136 0.283193 0.055866 0.042017
1 0.725858 0.244538 0.058260 0.045378
0 0.610934 0.245378 0.047087 0.043697
3 0.737031 0.550420 0.096568 0.105882
