2 0.925379 0.712195 0.147646 0.169106
0 0.978053 0.968293 0.042298 0.053659
0 0.076616 0.313821 0.055866 0.048780
0 0.180367 0.339024 0.052674 0.053659
0 0.335595 0.496748 0.058260 0.056911
0 0.303671 0.671545 0.063049 0.058537
0 0.709497 0.256098 0.054270 0.043902
0 0.857542 0.321951 0.051875 0.042276
0 0.974860 0.312195 0.047087 0.045528
1 0.764964 0.578049 0.071030 0.082927
4 0.286512 0.458537 0.028731 0.029268
4 0.175978 0.478049 0.027933 0.019512
5 0.522346 0.511382 0.018356 0.027642
7 0.399840 0.914634 0.009577 0.021138
7 0.156425 0.444715 0.011173 0.017886
7 0.009577 0.229268 0.015962 0.016260
7 0.066640 0.198374 0.019952 0.019512
7 0.111732 0.221951 0.014366 0.021138
7 0.618117 0.190244 0.010375 0.019512
7 0.407023 0.900813 0.009577 0.016260
6 0.915004 0.305042 0.043895 0.042017
4 0.815642 0.147059 0.027135 0.018487
0 0.613328 0.252941 0.048683 0.045378
