3 0.344374 0.479675 0.069433 0.061789
3 0.928970 0.307317 0.081405 0.058537
4 0.814844 0.139837 0.028731 0.022764
4 0.788907 0.270732 0.027933 0.027642
4 0.791301 0.304878 0.029529 0.030894
4 0.717478 0.595935 0.027135 0.037398
7 0.675180 0.189431 0.011173 0.021138
7 0.736632 0.152033 0.014366 0.017886
7 0.478053 0.147154 0.012769 0.024390
7 0.503591 0.165854 0.011173 0.026016
7 0.194733 0.228455 0.007981 0.017886
7 0.203911 0.245528 0.010375 0.013008
7 0.191939 0.812195 0.008779 0.021138
7 0.283320 0.913821 0.011173 0.019512
7 0.271748 0.802439 0.010375 0.017886
7 0.288109 0.826829 0.012769 0.021138
7 0.339186 0.848780 0.009577 0.022764
7 0.405826 0.882114 0.008779 0.027642
0 0.826018 0.694309 0.057462 0.078049
0 0.865922 0.389431 0.063847 0.050407
0 0.081006 0.491870 0.061453 0.050407
1 0.189146 0.504065 0.079808 0.055285
6 0.839701 0.298582 0.037769 0.038365
0 0.192338 0.277311 0.057462 0.047059
0 0.613727 0.246218 0.047885 0.045378
7 0.211492 0.242857 0.009577 0.028571
1 0.729848 0.246218 0.056664 0.042017
