0 0.027135 0.334146 0.051077 0.047154
0 0.218675 0.693496 0.055866 0.056911
0 0.397446 0.678049 0.057462 0.055285
0 0.628891 0.836585 0.059058 0.056911
0 0.824022 0.619512 0.048683 0.058537
0 0.890662 0.733333 0.054270 0.065041
0 0.910215 0.908130 0.059856 0.069919
0 0.732243 0.969106 0.059856 0.058537
1 0.909417 0.678862 0.058260 0.073171
3 0.812450 0.677236 0.075020 0.079675
4 0.809258 0.137398 0.030327 0.021138
4 0.086991 0.504065 0.035116 0.022764
4 0.731445 0.600000 0.032721 0.026016
4 0.692737 0.584553 0.027135 0.024390
7 0.476057 0.153659 0.011971 0.024390
7 0.189944 0.216260 0.017558 0.016260
7 0.209497 0.796748 0.013567 0.019512
7 0.193136 0.808130 0.011173 0.019512
7 0.271748 0.798374 0.011971 0.016260
7 0.293296 0.817073 0.008779 0.027642
7 0.342777 0.844715 0.011971 0.017886
7 0.407422 0.878862 0.008779 0.021138
7 0.545890 0.906504 0.011173 0.027642
7 0.494949 0.155129 0.008783 0.015013
0 0.193136 0.280672 0.055866 0.040336
0 0.570630 0.303361 0.044693 0.048739
0 0.611333 0.245378 0.047885 0.043697
7 0.205108 0.245378 0.012769 0.023529
2 0.188348 0.510084 0.146848 0.062185
3 0.736632 0.547059 0.097366 0.105882
