3 0.169194 0.507317 0.078212 0.055285
0 0.071828 0.387805 0.059058 0.050407
0 0.089385 0.501626 0.059058 0.047154
0 0.036313 0.852846 0.051875 0.102439
0 0.424182 0.070732 0.035914 0.102439
0 0.611732 0.248780 0.050279 0.048780
0 0.824820 0.323577 0.061453 0.058537
0 0.907023 0.304878 0.055068 0.050407
0 0.892658 0.680488 0.059856 0.076423
3 0.937749 0.776423 0.083001 0.086179
1 0.729050 0.250407 0.059856 0.052033
4 0.761373 0.287805 0.027135 0.026016
4 0.813647 0.143089 0.026337 0.019512
4 0.322825 0.482927 0.026337 0.019512
7 0.545092 0.189431 0.009577 0.021138
7 0.534717 0.183740 0.007981 0.029268
7 0.481644 0.153659 0.008779 0.021138
7 0.225858 0.391870 0.012769 0.019512
7 0.267757 0.808130 0.011971 0.019512
7 0.185954 0.813008 0.011173 0.019512
7 0.288907 0.828455 0.011173 0.017886
7 0.331205 0.920325 0.011173 0.019512
7 0.411413 0.879675 0.007183 0.019512
7 0.400638 0.881301 0.009577 0.022764
7 0.064645 0.300000 0.015962 0.017886
0 0.024813 0.485822 0.047870 0.044204
3 0.086193 0.277311 0.073424 0.053782
