0 0.064246 0.504065 0.050279 0.042276
0 0.039505 0.859350 0.047087 0.099187
0 0.137670 0.503252 0.058260 0.047154
0 0.207901 0.510569 0.059856 0.048780
0 0.495211 0.383740 0.058260 0.071545
0 0.641261 0.476423 0.061453 0.071545
0 0.786512 0.578049 0.059856 0.076423
3 0.788907 0.655285 0.079010 0.091057
3 0.585794 0.508943 0.071828 0.084553
4 0.803272 0.139837 0.027933 0.022764
4 0.921788 0.706504 0.030327 0.030894
6 0.274142 0.495122 0.040702 0.037398
7 0.341580 0.841463 0.011173 0.021138
7 0.405427 0.882114 0.007981 0.024390
7 0.482442 0.139024 0.008779 0.024390
7 0.469274 0.148780 0.011173 0.024390
0 0.344374 0.343902 0.050279 0.050407
0 0.607741 0.245378 0.047087 0.043697
0 0.443336 0.812605 0.056664 0.055462
0 0.298484 0.402521 0.049481 0.045378
