0 0.272917 0.495139 0.065625 0.053241
0 0.192448 0.280093 0.056250 0.048148
0 0.737760 0.389352 0.059896 0.053704
1 0.728646 0.247222 0.060417 0.049074
3 0.927865 0.306713 0.083854 0.056944
4 0.814453 0.138889 0.029427 0.021296
4 0.793229 0.267593 0.030208 0.027778
4 0.791276 0.304861 0.027865 0.024537
4 0.479297 0.443981 0.027865 0.025926
4 0.546224 0.469907 0.023177 0.032407
6 0.838021 0.299074 0.043229 0.045370
7 0.677083 0.194444 0.013542 0.021296
7 0.741536 0.208102 0.011198 0.022685
7 0.503516 0.161806 0.012760 0.014352
7 0.483333 0.155324 0.010417 0.018056
7 0.196224 0.231713 0.014323 0.018056
7 0.185156 0.250231 0.014583 0.016204
7 0.190365 0.807407 0.011979 0.021296
7 0.271354 0.801620 0.014583 0.019907
7 0.287760 0.827778 0.011979 0.019444
7 0.338151 0.131019 0.010677 0.014815
0 0.112131 0.500840 0.058260 0.043697
0 0.613727 0.245378 0.047885 0.047059
7 0.337590 0.846218 0.011173 0.021849
7 0.405427 0.878992 0.009577 0.026891
7 0.211093 0.240336 0.010375 0.026891
