0 0.940942 0.699187 0.060654 0.078049
1 0.377893 0.352033 0.072626 0.069919
1 0.731445 0.603252 0.069433 0.078049
1 0.808859 0.601626 0.072626 0.074797
1 0.695531 0.834959 0.058260 0.066667
4 0.806864 0.138211 0.028731 0.022764
7 0.406624 0.886992 0.010375 0.024390
7 0.341181 0.840650 0.010375 0.019512
7 0.159617 0.250407 0.017558 0.022764
7 0.089385 0.213008 0.015962 0.019512
7 0.475658 0.158537 0.011173 0.021138
7 0.479649 0.131707 0.012769 0.019512
7 0.490024 0.152846 0.011173 0.019512
2 0.936153 0.771545 0.124501 0.154472
3 0.207103 0.502521 0.074222 0.050420
6 0.146049 0.500840 0.038308 0.030252
0 0.796887 0.300840 0.048683 0.043697
0 0.608540 0.244538 0.045491 0.045378
0 0.312450 0.405042 0.056664 0.047059
0 0.084996 0.492437 0.055068 0.043697
0 0.650838 0.473109 0.045491 0.062185
0 0.532721 0.466387 0.058260 0.062185
0 0.509577 0.831092 0.056664 0.055462
0 0.443735 0.814286 0.057462 0.052101
