5 0.306120 0.553704 0.023177 0.017593
6 0.932943 0.306481 0.042969 0.037037
4 0.818359 0.150463 0.027865 0.021296
4 0.702344 0.610648 0.027083 0.034259
7 0.026302 0.230093 0.017708 0.021296
7 0.126172 0.217824 0.017448 0.022685
7 0.144792 0.234028 0.013542 0.016204
7 0.333203 0.617824 0.010156 0.016204
7 0.402995 0.918519 0.011198 0.025926
7 0.642448 0.190278 0.007812 0.019444
0 0.183594 0.518750 0.057292 0.045833
0 0.615365 0.255324 0.049479 0.045833
0 0.711979 0.258565 0.052604 0.042130
0 0.858724 0.321991 0.052865 0.042130
0 0.483984 0.839120 0.053385 0.048611
0 0.491276 0.404861 0.050260 0.055093
0 0.614844 0.532407 0.058333 0.066667
0 0.767318 0.656481 0.050260 0.066667
1 0.749349 0.571528 0.060677 0.080093
2 0.126823 0.304167 0.124479 0.081481
1 0.947326 0.807563 0.071828 0.089076
0 0.864326 0.668067 0.063847 0.078992
