0 0.193880 0.283796 0.057552 0.043519
0 0.154818 0.329398 0.051302 0.056944
0 0.132943 0.503241 0.050260 0.043519
0 0.408984 0.422685 0.053385 0.051852
0 0.840755 0.315509 0.056510 0.048611
0 0.642448 0.538889 0.057292 0.066667
0 0.843620 0.698380 0.062240 0.080093
1 0.727344 0.247685 0.057292 0.047222
4 0.810937 0.141435 0.027083 0.019907
7 0.214714 0.280556 0.012760 0.024074
7 0.273047 0.804861 0.012760 0.022685
7 0.294010 0.817130 0.011979 0.014815
7 0.339193 0.847222 0.009635 0.019444
7 0.406510 0.878935 0.013542 0.020833
5 0.233073 0.480324 0.019792 0.019907
7 0.223863 0.242857 0.010375 0.021849
7 0.192737 0.259664 0.010375 0.021849
7 0.732243 0.178151 0.013567 0.023529
7 0.481245 0.152941 0.012769 0.026891
7 0.494014 0.160504 0.011173 0.021849
7 0.194733 0.812605 0.011173 0.021849
0 0.612929 0.247059 0.047885 0.043697
0 0.934158 0.309244 0.058260 0.043697
0 0.058659 0.504202 0.061453 0.047059
0 0.139266 0.400000 0.050279 0.040336
