7 0.480447 0.130894 0.011173 0.021138
7 0.476057 0.154472 0.010375 0.026016
7 0.490423 0.156911 0.010375 0.021138
7 0.161213 0.239024 0.015962 0.026016
7 0.063049 0.209756 0.012769 0.019512
7 0.341979 0.841463 0.008779 0.017886
7 0.405826 0.882927 0.008779 0.019512
6 0.147646 0.504878 0.041500 0.040650
4 0.921788 0.300813 0.031923 0.032520
0 0.722666 0.540650 0.048683 0.069919
0 0.806864 0.674797 0.057462 0.078049
0 0.887470 0.676423 0.052674 0.068293
0 0.345970 0.353659 0.053472 0.047154
0 0.863528 0.281513 0.059058 0.045378
0 0.777733 0.301681 0.045491 0.042017
0 0.608540 0.246218 0.047087 0.042017
0 0.539904 0.470588 0.056664 0.063866
0 0.478452 0.379832 0.053472 0.053782
0 0.213089 0.316807 0.051077 0.042017
0 0.508779 0.831933 0.055068 0.053782
0 0.444932 0.813445 0.056664 0.053782
0 0.470072 0.730252 0.057462 0.055462
0 0.086193 0.492437 0.055866 0.040336
3 0.217877 0.500840 0.073424 0.047059
3 0.183160 0.397479 0.067837 0.052101
4 0.805267 0.138655 0.028731 0.018487
