0 0.128093 0.403252 0.050279 0.039024
0 0.130886 0.503252 0.051077 0.040650
0 0.437350 0.734146 0.057462 0.053659
0 0.781724 0.585366 0.053472 0.068293
0 0.767358 0.644715 0.059856 0.069919
0 0.840383 0.704065 0.060654 0.071545
0 0.910215 0.753659 0.059856 0.073171
0 0.969274 0.805691 0.056664 0.066667
0 0.492418 0.378049 0.054270 0.047154
7 0.168396 0.456911 0.012769 0.019512
7 0.202713 0.574797 0.012769 0.014634
7 0.191939 0.814634 0.011971 0.019512
7 0.271349 0.804878 0.011173 0.022764
7 0.292498 0.820325 0.011971 0.021138
7 0.338787 0.847967 0.008779 0.024390
4 0.811652 0.139024 0.025539 0.017886
4 0.725459 0.531707 0.023943 0.026016
4 0.711492 0.591870 0.024741 0.032520
4 0.672785 0.847154 0.025539 0.029268
7 0.188348 0.252033 0.012769 0.013008
7 0.188747 0.261789 0.008779 0.009756
7 0.212690 0.247154 0.018356 0.016260
7 0.482841 0.156098 0.009577 0.022764
7 0.497606 0.154472 0.008779 0.016260
7 0.621708 0.143089 0.012769 0.022764
5 0.230127 0.481651 0.020202 0.015847
0 0.192338 0.282353 0.054270 0.043697
7 0.222666 0.243697 0.009577 0.023529
7 0.405427 0.884874 0.007981 0.025210
1 0.727454 0.246218 0.058260 0.045378
1 0.072626 0.323529 0.057462 0.048739
0 0.612131 0.247059 0.047885 0.043697
