7 0.409417 0.881301 0.009577 0.022764
7 0.400239 0.891870 0.008779 0.024390
7 0.096568 0.226016 0.017558 0.016260
5 0.650838 0.425203 0.019952 0.030894
4 0.816441 0.143089 0.025539 0.019512
4 0.964884 0.740650 0.035116 0.030894
0 0.862330 0.321951 0.048683 0.042276
0 0.030327 0.511382 0.059058 0.047154
0 0.442538 0.833333 0.059856 0.060163
0 0.668795 0.841463 0.055866 0.063415
0 0.879489 0.744715 0.060654 0.071545
0 0.667598 0.573984 0.056664 0.071545
0 0.765363 0.581301 0.070231 0.082927
0 0.887470 0.678049 0.071828 0.084553
1 0.434956 0.437398 0.067039 0.061789
1 0.169194 0.652846 0.076616 0.060163
1 0.596169 0.455285 0.057462 0.071545
1 0.747406 0.336585 0.074222 0.052033
7 0.485946 0.144704 0.009223 0.019183
7 0.208300 0.983193 0.015962 0.026891
0 0.080208 0.395798 0.056664 0.048739
0 0.102155 0.498319 0.059058 0.048739
0 0.187949 0.499160 0.058260 0.043697
0 0.614126 0.249580 0.048683 0.042017
1 0.730247 0.250420 0.057462 0.043697
