7 0.062630 0.237269 0.018490 0.022685
7 0.185156 0.256019 0.016146 0.017593
7 0.217057 0.285417 0.012760 0.024537
7 0.193490 0.809028 0.010417 0.018056
7 0.270833 0.802546 0.011979 0.018056
7 0.292839 0.819676 0.012760 0.022685
7 0.341927 0.845602 0.008854 0.022685
7 0.406120 0.883796 0.011198 0.024074
0 0.072266 0.283565 0.053385 0.050463
0 0.192839 0.283333 0.053385 0.046296
0 0.441276 0.421065 0.059115 0.052315
0 0.841276 0.313194 0.059115 0.043981
0 0.936068 0.307407 0.060677 0.045370
5 0.235807 0.481944 0.018490 0.016667
0 0.061852 0.505882 0.059856 0.047059
0 0.611732 0.247059 0.048683 0.043697
7 0.482043 0.152941 0.011173 0.020168
7 0.494014 0.158824 0.007981 0.021849
7 0.746608 0.211765 0.010375 0.020168
1 0.727055 0.245378 0.057462 0.043697
4 0.810854 0.136975 0.028731 0.018487
0 0.134876 0.504202 0.047885 0.036975
