0 0.957702 0.777236 0.063847 0.074797
2 0.365523 0.418699 0.113328 0.186992
4 0.089785 0.491870 0.029529 0.027642
4 0.801676 0.141463 0.027933 0.022764
5 0.806464 0.578049 0.024741 0.027642
7 0.466879 0.110569 0.009577 0.016260
7 0.304469 0.912195 0.010375 0.019512
7 0.405826 0.880672 0.008779 0.020168
7 0.343176 0.836134 0.011173 0.018487
7 0.464485 0.134454 0.009577 0.023529
7 0.476457 0.125210 0.009577 0.021849
7 0.470870 0.031933 0.009577 0.023529
6 0.576616 0.295798 0.032721 0.043697
3 0.232642 0.288235 0.043895 0.052101
1 0.736632 0.618487 0.067039 0.077311
0 0.924581 0.289076 0.055068 0.043697
7 0.954110 0.197479 0.015164 0.018487
0 0.819234 0.298319 0.053472 0.045378
0 0.607342 0.247899 0.047885 0.042017
0 0.156026 0.500000 0.047087 0.038655
0 0.445331 0.811765 0.055866 0.053782
