0 0.292839 0.423611 0.057552 0.047222
0 0.270182 0.517130 0.058073 0.042593
0 0.491276 0.461806 0.050260 0.052315
0 0.614193 0.255324 0.048698 0.045833
0 0.711198 0.258565 0.051042 0.048611
0 0.860026 0.322685 0.051823 0.040741
0 0.676432 0.887731 0.050260 0.055093
0 0.899870 0.770139 0.053385 0.063426
6 0.916536 0.308102 0.044010 0.043981
7 0.404167 0.916204 0.013542 0.024074
7 0.266536 0.595833 0.011198 0.014815
7 0.176432 0.231713 0.009635 0.014352
7 0.171094 0.243056 0.013542 0.014815
4 0.412630 0.451157 0.022135 0.020833
2 0.095443 0.301620 0.125260 0.082870
1 0.471354 0.398380 0.059896 0.061574
4 0.872005 0.668981 0.028385 0.034259
5 0.458724 0.546296 0.020573 0.014815
7 0.016760 0.222689 0.020750 0.021849
7 0.049880 0.192437 0.023144 0.018487
7 0.150838 0.231933 0.015962 0.023529
7 0.121708 0.216807 0.016760 0.020168
4 0.816441 0.147899 0.030327 0.020168
0 0.616520 0.472269 0.063049 0.073950
1 0.735435 0.628571 0.067837 0.084034
1 0.840782 0.978151 0.071030 0.036975
