7 0.305208 0.835648 0.011979 0.019444
7 0.344792 0.836574 0.014583 0.017593
7 0.407422 0.878704 0.011719 0.027778
7 0.467187 0.110417 0.008854 0.016204
7 0.476042 0.124537 0.008854 0.021296
6 0.482943 0.230093 0.035156 0.056481
5 0.719792 0.500694 0.022396 0.029167
4 0.562240 0.747917 0.029687 0.032870
4 0.242188 0.496759 0.029687 0.021296
4 0.804818 0.142130 0.030990 0.021296
1 0.705078 0.595139 0.066406 0.081019
0 0.794922 0.649537 0.060677 0.073148
0 0.340755 0.438426 0.044531 0.073148
0 0.139323 0.490278 0.055208 0.047222
7 0.893099 0.203935 0.012760 0.024537
0 0.926177 0.289076 0.055068 0.043697
0 0.820830 0.296639 0.053472 0.042017
0 0.608939 0.247059 0.046289 0.043697
0 0.965682 0.778992 0.055866 0.065546
0 0.446528 0.810924 0.055068 0.058824
2 0.412610 0.085714 0.035116 0.168067
3 0.024741 0.334454 0.049481 0.053782
3 0.021149 0.621008 0.042298 0.055462
7 0.464884 0.133613 0.008779 0.025210
