0 0.140064 0.504065 0.056664 0.045528
0 0.205906 0.509756 0.059058 0.047154
0 0.418595 0.325203 0.059856 0.048780
0 0.796488 0.591870 0.055866 0.068293
0 0.876297 0.656098 0.062251 0.076423
0 0.891860 0.901626 0.053472 0.056911
1 0.734238 0.612195 0.065443 0.079675
4 0.603751 0.341463 0.027933 0.026016
4 0.731045 0.541463 0.027135 0.039024
4 0.803671 0.143089 0.030327 0.022764
7 0.107342 0.254472 0.013567 0.021138
7 0.103751 0.589431 0.017558 0.024390
7 0.340782 0.839837 0.011173 0.024390
7 0.406225 0.882927 0.014366 0.026016
7 0.480846 0.132520 0.010375 0.021138
7 0.476856 0.155285 0.008779 0.027642
6 0.111333 0.277311 0.035914 0.040336
6 0.275339 0.495798 0.035116 0.033613
0 0.968077 0.288235 0.060654 0.048739
0 0.799681 0.298319 0.059058 0.048739
0 0.608140 0.246218 0.046289 0.042017
0 0.164405 0.378151 0.046289 0.040336
0 0.509577 0.831092 0.055068 0.052101
0 0.444932 0.814286 0.056664 0.052101
