1 0.737829 0.552033 0.056664 0.066667
1 0.823623 0.613821 0.068635 0.076423
4 0.803272 0.144715 0.032721 0.026016
0 0.795690 0.660976 0.054270 0.063415
7 0.405826 0.881301 0.013567 0.022764
7 0.466081 0.173171 0.011173 0.021138
7 0.466480 0.133333 0.010375 0.016260
0 0.607342 0.246218 0.046289 0.045378
0 0.754190 0.310084 0.059058 0.048739
0 0.638069 0.363866 0.050279 0.048739
0 0.434956 0.339496 0.054270 0.047059
0 0.731045 0.605042 0.054270 0.063866
0 0.443336 0.811765 0.058260 0.053782
0 0.114525 0.494958 0.048683 0.038655
2 0.220670 0.505882 0.133280 0.060504
7 0.341979 0.835294 0.010375 0.020168
6 0.050279 0.960504 0.030327 0.065546
7 0.474860 0.130252 0.009577 0.021849
