0 0.615323 0.889431 0.059058 0.058537
1 0.090184 0.500813 0.067039 0.048780
1 0.768555 0.653659 0.070231 0.081301
1 0.619314 0.467480 0.068635 0.076423
2 0.835595 0.628455 0.151636 0.157724
3 0.208300 0.515447 0.076616 0.052033
3 0.569832 0.503252 0.070231 0.079675
3 0.933759 0.782114 0.081405 0.094309
4 0.268555 0.469919 0.029529 0.029268
7 0.108939 0.228455 0.016760 0.021138
7 0.092977 0.230894 0.015164 0.019512
7 0.406225 0.887805 0.011173 0.026016
4 0.818037 0.143697 0.028731 0.018487
0 0.614525 0.248739 0.047885 0.043697
6 0.029529 0.490756 0.044693 0.036975
2 0.154828 0.317647 0.122905 0.080672
7 0.717478 0.276471 0.012769 0.021849
0 0.710295 0.251261 0.052674 0.042017
