7 0.620182 0.160185 0.011198 0.021296
7 0.480469 0.153704 0.007812 0.024074
7 0.494010 0.157870 0.009375 0.019444
7 0.186849 0.255093 0.009635 0.019444
7 0.191536 0.809954 0.008073 0.016204
7 0.270443 0.802546 0.011198 0.011574
7 0.291276 0.819676 0.009635 0.016204
7 0.403776 0.882176 0.008073 0.018056
7 0.734635 0.152083 0.013542 0.020833
0 0.192578 0.285185 0.058073 0.044444
7 0.219010 0.291204 0.013542 0.019444
0 0.055469 0.504861 0.058333 0.050463
0 0.131250 0.503241 0.053646 0.043519
0 0.270964 0.698380 0.050260 0.053241
1 0.728516 0.246528 0.060156 0.046759
0 0.773307 0.578241 0.054427 0.066667
0 0.757031 0.633333 0.056771 0.070370
0 0.847526 0.640046 0.055990 0.063426
0 0.835156 0.699306 0.058333 0.071759
0 0.908594 0.751157 0.058333 0.071759
0 0.968880 0.803241 0.057552 0.071296
4 0.810937 0.138889 0.027083 0.021296
4 0.625000 0.461111 0.025521 0.027778
4 0.600651 0.518056 0.024740 0.034259
5 0.230469 0.481944 0.014063 0.016667
7 0.221868 0.240336 0.007981 0.020168
7 0.154030 0.356303 0.012769 0.016807
7 0.339984 0.850420 0.007981 0.020168
0 0.612929 0.245378 0.047885 0.043697
