7 0.519141 0.203935 0.008594 0.018056
7 0.507161 0.200000 0.008594 0.023148
7 0.480859 0.152083 0.007031 0.020833
7 0.223177 0.178935 0.011979 0.016204
7 0.204297 0.208102 0.009635 0.022685
7 0.185156 0.812269 0.013021 0.018056
7 0.329948 0.909722 0.010417 0.024074
7 0.405339 0.882870 0.011198 0.019444
7 0.397526 0.883796 0.008073 0.017593
7 0.288151 0.829398 0.009635 0.016204
7 0.268490 0.807176 0.011979 0.018056
7 0.048568 0.263426 0.011198 0.016667
4 0.599479 0.419676 0.025521 0.022685
4 0.814844 0.143981 0.027083 0.021296
4 0.762240 0.289583 0.025521 0.022685
0 0.612630 0.247222 0.050260 0.049074
0 0.823958 0.320370 0.063021 0.051852
0 0.906641 0.305787 0.054427 0.048611
0 0.780599 0.584722 0.059115 0.073148
0 0.829557 0.700694 0.056510 0.078241
0 0.089844 0.502315 0.061458 0.045370
3 0.085807 0.276389 0.075781 0.055556
3 0.209115 0.507407 0.075000 0.055556
2 0.156380 0.660880 0.137240 0.102315
3 0.722266 0.610417 0.073177 0.089352
1 0.728255 0.249537 0.059635 0.047222
0 0.026953 0.487500 0.049740 0.037963
0 0.974479 0.753241 0.050521 0.069444
