7 0.084996 0.795935 0.013567 0.017886
7 0.630088 0.974797 0.010375 0.024390
7 0.834397 0.178049 0.016760 0.017886
7 0.692737 0.178049 0.011173 0.021138
7 0.662011 0.226016 0.010375 0.022764
7 0.111732 0.232520 0.014366 0.016260
7 0.094972 0.234146 0.011173 0.016260
4 0.817638 0.145528 0.029529 0.017886
4 0.191939 0.475610 0.026337 0.021138
3 0.790902 0.675610 0.076616 0.089431
3 0.972067 0.826016 0.052674 0.081301
3 0.209497 0.516260 0.077414 0.053659
4 0.207502 0.318699 0.027135 0.019512
2 0.383879 0.785366 0.127694 0.104065
2 0.892259 0.675610 0.153232 0.164228
1 0.765762 0.574797 0.071030 0.082927
1 0.908619 0.767480 0.069433 0.084553
1 0.091381 0.500813 0.067837 0.048780
0 0.765363 0.965854 0.057462 0.058537
0 0.709896 0.254472 0.053472 0.043902
7 0.407023 0.887395 0.009577 0.030252
0 0.613727 0.251261 0.047885 0.045378
