0 0.763368 0.585366 0.056664 0.071545
0 0.922586 0.715447 0.060654 0.074797
0 0.826417 0.707317 0.059856 0.078049
0 0.614126 0.254472 0.050279 0.043902
0 0.710295 0.256911 0.052674 0.042276
0 0.974860 0.315447 0.048683 0.042276
0 0.107342 0.300813 0.051875 0.045528
0 0.123703 0.395935 0.051077 0.047154
0 0.270152 0.515447 0.058260 0.042276
0 0.586193 0.521951 0.048683 0.061789
4 0.162011 0.483740 0.031923 0.024390
6 0.914206 0.307317 0.042298 0.039024
7 0.016361 0.217073 0.021548 0.017886
7 0.123304 0.218699 0.016760 0.021138
7 0.155626 0.234959 0.012769 0.017886
7 0.170391 0.223577 0.010375 0.014634
7 0.539505 0.176423 0.007981 0.017886
7 0.241022 0.550407 0.012769 0.014634
7 0.402634 0.917073 0.010375 0.022764
4 0.598962 0.452846 0.024741 0.030894
5 0.506807 0.526689 0.018445 0.015847
1 0.257137 0.342786 0.059289 0.050042
7 0.414605 0.177311 0.008779 0.021849
0 0.858340 0.321849 0.048683 0.042017
7 0.170790 0.236975 0.014366 0.020168
4 0.814445 0.149580 0.027933 0.016807
1 0.413009 0.436975 0.067837 0.063866
0 0.371109 0.356303 0.062251 0.057143
