5 0.742219 0.530894 0.020750 0.024390
0 0.962490 0.317886 0.052674 0.040650
0 0.523943 0.477236 0.056664 0.056911
0 0.846768 0.717073 0.060654 0.071545
0 0.951716 0.807317 0.063049 0.073171
0 0.438148 0.747967 0.054270 0.055285
0 0.030726 0.511382 0.061453 0.047154
0 0.113328 0.652846 0.059058 0.056911
1 0.751796 0.337398 0.075020 0.050407
1 0.790902 0.597561 0.059058 0.069919
1 0.699122 0.591870 0.070231 0.081301
7 0.485235 0.146341 0.007981 0.016260
7 0.096169 0.227642 0.021548 0.016260
7 0.409417 0.882114 0.006385 0.021138
7 0.400239 0.892683 0.008779 0.019512
0 0.925379 0.709756 0.075818 0.086179
7 0.753404 0.203920 0.009223 0.017515
7 0.144453 0.954622 0.014366 0.023529
4 0.815642 0.143697 0.030327 0.018487
3 0.601357 0.449580 0.096568 0.099160
1 0.731045 0.251261 0.059058 0.042017
0 0.441740 0.830252 0.058260 0.057143
0 0.186752 0.500840 0.059058 0.043697
0 0.102554 0.499160 0.058260 0.047059
0 0.613727 0.248739 0.047885 0.043697
