7 0.340782 0.839837 0.009577 0.021138
7 0.405826 0.882114 0.010375 0.021138
7 0.479649 0.130894 0.009577 0.021138
6 0.275738 0.496748 0.037510 0.037398
4 0.804469 0.143089 0.030327 0.022764
4 0.727454 0.543902 0.031125 0.030894
1 0.734637 0.612195 0.067837 0.079675
0 0.634876 0.866667 0.056664 0.058537
0 0.795690 0.593496 0.054270 0.065041
0 0.822825 0.686179 0.057462 0.071545
0 0.874302 0.655285 0.059856 0.068293
0 0.917398 0.763415 0.059856 0.073171
0 0.946528 0.708943 0.057462 0.068293
0 0.207103 0.508130 0.061453 0.050407
0 0.139665 0.504065 0.059058 0.045528
0 0.063847 0.504065 0.052674 0.048780
0 0.607741 0.245378 0.047087 0.043697
7 0.476457 0.150420 0.012769 0.021849
0 0.443735 0.815126 0.059058 0.053782
4 0.415004 0.756303 0.025539 0.023529
