0 0.416276 0.090278 0.026302 0.102778
0 0.788542 0.585417 0.057292 0.068056
0 0.766146 0.639120 0.057292 0.068056
0 0.698307 0.585417 0.057552 0.068056
0 0.407422 0.739815 0.058073 0.051852
0 0.444531 0.817824 0.054167 0.055093
0 0.509635 0.834259 0.055208 0.058333
1 0.336068 0.656019 0.065365 0.053704
3 0.923828 0.696759 0.104427 0.112037
4 0.808073 0.136574 0.029687 0.023148
4 0.802083 0.295139 0.028646 0.024537
4 0.768880 0.296065 0.026302 0.022685
4 0.811719 0.684722 0.025521 0.032407
6 0.708724 0.302315 0.039844 0.038889
6 0.844792 0.637500 0.039062 0.051852
7 0.479557 0.126852 0.009635 0.023148
7 0.478776 0.150463 0.014323 0.021296
7 0.491927 0.159491 0.010417 0.022685
7 0.195052 0.807407 0.008854 0.021296
7 0.262630 0.796065 0.011198 0.018056
7 0.341146 0.844676 0.013542 0.020833
7 0.406250 0.878935 0.009375 0.031019
7 0.639193 0.700926 0.014323 0.019444
0 0.611732 0.245378 0.045491 0.043697
