7 0.481641 0.150463 0.010156 0.021296
7 0.032813 0.763426 0.022396 0.021296
7 0.195052 0.808102 0.011979 0.019907
7 0.273047 0.799306 0.012760 0.024537
7 0.293229 0.818750 0.010417 0.024537
7 0.341146 0.844676 0.011979 0.024537
7 0.406250 0.877315 0.009375 0.027778
4 0.808073 0.139815 0.028125 0.023148
4 0.087891 0.505787 0.036719 0.022685
0 0.616536 0.518056 0.047135 0.060185
1 0.705990 0.517130 0.058333 0.075000
0 0.901823 0.887731 0.058854 0.058796
7 0.493099 0.153472 0.009635 0.026389
0 0.037891 0.500231 0.057552 0.044907
0 0.191141 0.280672 0.056664 0.047059
2 0.188747 0.510924 0.147646 0.063866
3 0.270950 0.404202 0.067837 0.055462
0 0.611333 0.245378 0.046289 0.043697
1 0.490024 0.726050 0.067039 0.060504
0 0.343974 0.653782 0.051077 0.050420
0 0.073025 0.665546 0.059856 0.053782
3 0.101756 0.336134 0.093376 0.053782
