3 0.209098 0.514634 0.078212 0.050407
3 0.793695 0.679675 0.075818 0.087805
3 0.972466 0.822764 0.051875 0.078049
2 0.890263 0.674797 0.154030 0.156098
1 0.909816 0.770732 0.071828 0.084553
1 0.765363 0.576423 0.070231 0.079675
1 0.069433 0.499187 0.067039 0.048780
0 0.144852 0.674797 0.061453 0.055285
0 0.341580 0.360163 0.046289 0.043902
0 0.614126 0.250407 0.048683 0.045528
0 0.710295 0.252033 0.054270 0.039024
0 0.719473 0.326829 0.050279 0.042276
0 0.860335 0.325203 0.057462 0.042276
0 0.866720 0.391870 0.055866 0.045528
0 0.972466 0.313821 0.051875 0.052033
4 0.978851 0.391057 0.031125 0.021138
4 0.816840 0.147154 0.026337 0.017886
6 0.015563 0.886992 0.026337 0.056911
6 0.492019 0.319512 0.035914 0.043902
6 0.692737 0.890244 0.033520 0.050407
7 0.406225 0.892683 0.009577 0.019512
7 0.269354 0.855285 0.013567 0.022764
7 0.112530 0.229268 0.015962 0.013008
7 0.094972 0.240650 0.012769 0.016260
7 0.656824 0.179675 0.007981 0.017886
7 0.579409 0.946218 0.009577 0.026891
