0 0.322426 0.458537 0.059058 0.068293
0 0.788907 0.585366 0.056664 0.071545
0 0.699920 0.586179 0.060654 0.069919
0 0.767358 0.640650 0.055068 0.068293
0 0.964485 0.966667 0.059856 0.063415
0 0.879888 0.860163 0.056664 0.061789
2 0.844773 0.947154 0.125299 0.102439
4 0.808859 0.138211 0.023144 0.019512
4 0.768955 0.295935 0.026337 0.022764
4 0.978452 0.332520 0.030327 0.037398
4 0.891061 0.741463 0.027933 0.035772
6 0.718276 0.305691 0.039904 0.042276
6 0.843974 0.639024 0.040702 0.048780
7 0.741022 0.700813 0.016760 0.026016
7 0.479649 0.130894 0.009577 0.021138
7 0.479250 0.151220 0.010375 0.019512
7 0.491221 0.156911 0.011971 0.017886
7 0.407422 0.876423 0.011971 0.022764
7 0.341181 0.840650 0.013567 0.019512
7 0.193536 0.809756 0.011971 0.022764
7 0.270152 0.802439 0.013567 0.024390
1 0.675579 0.408403 0.056664 0.047059
0 0.610535 0.244538 0.047885 0.045378
0 0.510774 0.834454 0.055866 0.052101
0 0.444134 0.815966 0.056664 0.055462
0 0.480846 0.705042 0.047087 0.052101
