4 0.223047 0.418750 0.026302 0.018056
4 0.306901 0.361806 0.021615 0.018056
4 0.813281 0.139120 0.025521 0.018056
0 0.193880 0.283796 0.057552 0.043519
0 0.130859 0.506481 0.052865 0.040741
0 0.161198 0.681250 0.051042 0.052315
0 0.575000 0.495833 0.058333 0.068519
0 0.626563 0.452083 0.051042 0.061574
0 0.668359 0.552778 0.056510 0.075000
0 0.757812 0.567593 0.053646 0.068519
0 0.902995 0.745370 0.056510 0.066667
0 0.968880 0.805787 0.059115 0.076389
0 0.826823 0.918056 0.049479 0.060185
0 0.842839 0.315509 0.057552 0.048611
7 0.132422 0.250231 0.014323 0.016204
7 0.189193 0.254398 0.012760 0.011574
7 0.131250 0.878009 0.015104 0.016204
7 0.270443 0.803241 0.012760 0.016667
7 0.292839 0.821296 0.009635 0.019444
7 0.339974 0.850463 0.011198 0.019444
7 0.480859 0.156944 0.008594 0.021296
7 0.495182 0.159259 0.008594 0.019444
5 0.232292 0.483333 0.017708 0.015741
7 0.403831 0.885714 0.009577 0.023529
7 0.193136 0.812605 0.009577 0.018487
0 0.612929 0.245378 0.046289 0.043697
7 0.629689 0.157983 0.007981 0.020168
1 0.727454 0.246218 0.058260 0.042017
7 0.223065 0.239496 0.010375 0.021849
7 0.218675 0.291597 0.014366 0.021849
0 0.056664 0.503361 0.060654 0.045378
