7 0.177604 0.222685 0.015104 0.019444
7 0.480469 0.130093 0.009375 0.019444
7 0.480469 0.153704 0.007812 0.021296
7 0.492318 0.156944 0.009635 0.017593
7 0.798438 0.671528 0.008854 0.019907
7 0.406510 0.875694 0.011979 0.024537
7 0.343490 0.845370 0.010417 0.019444
7 0.270964 0.799306 0.015365 0.018056
7 0.195052 0.807176 0.008854 0.018056
6 0.844792 0.639815 0.040625 0.047222
6 0.717969 0.302315 0.037500 0.038889
4 0.770964 0.295833 0.027344 0.025926
4 0.808464 0.138194 0.028906 0.022685
2 0.820833 0.938194 0.121875 0.117130
0 0.909766 0.378935 0.054427 0.045833
0 0.707161 0.790278 0.057552 0.062037
0 0.700651 0.586111 0.062240 0.073148
0 0.788802 0.584722 0.059896 0.066667
0 0.767708 0.639815 0.055729 0.073148
0 0.611333 0.244538 0.047885 0.045378
0 0.411812 0.275630 0.039904 0.104202
0 0.071030 0.496639 0.059058 0.042017
0 0.280926 0.646218 0.054270 0.052101
0 0.380287 0.740336 0.058260 0.052101
0 0.444932 0.816807 0.058260 0.053782
0 0.510774 0.832773 0.055866 0.052101
1 0.320431 0.489076 0.056664 0.040336
