7 0.480078 0.126852 0.008594 0.016667
7 0.479557 0.150463 0.011198 0.014815
7 0.493490 0.157639 0.011979 0.016204
7 0.194271 0.807407 0.011979 0.021296
7 0.263021 0.794444 0.013542 0.021296
7 0.400260 0.846296 0.011979 0.021296
7 0.404167 0.877315 0.010417 0.021296
6 0.836719 0.633333 0.039062 0.047222
6 0.234245 0.517130 0.040885 0.036111
4 0.810937 0.680324 0.025521 0.031019
4 0.933333 0.783796 0.031250 0.036111
4 0.807682 0.135648 0.027344 0.021296
3 0.884245 0.727546 0.078385 0.089352
3 0.919010 0.688657 0.101562 0.106019
1 0.505599 0.326852 0.056510 0.045370
0 0.443750 0.817130 0.057292 0.060185
0 0.510026 0.833333 0.057552 0.053704
0 0.691146 0.581250 0.058854 0.069907
0 0.789323 0.582870 0.054167 0.066667
0 0.766146 0.637500 0.055729 0.064815
0 0.709896 0.300000 0.055068 0.045378
0 0.782921 0.378151 0.054270 0.043697
1 0.150439 0.497479 0.088587 0.050420
0 0.918595 0.305042 0.059058 0.045378
0 0.609338 0.242857 0.045491 0.045378
7 0.339984 0.842857 0.011173 0.021849
