0 0.201172 0.500926 0.059115 0.045370
0 0.509635 0.832639 0.056771 0.061574
0 0.629297 0.799074 0.053385 0.060185
0 0.832422 0.853009 0.063802 0.069907
3 0.041276 0.318750 0.082031 0.100463
3 0.184375 0.730787 0.076563 0.069907
6 0.706771 0.392824 0.037500 0.043981
7 0.615625 0.181250 0.011979 0.020833
7 0.640365 0.137269 0.013542 0.018056
7 0.496484 0.156250 0.011198 0.016204
7 0.480339 0.152778 0.011198 0.019444
7 0.342708 0.840509 0.011979 0.022685
7 0.405339 0.883796 0.011198 0.027778
0 0.955307 0.296639 0.060654 0.045378
0 0.882283 0.290756 0.058260 0.047059
0 0.608939 0.245378 0.047885 0.043697
0 0.692737 0.576471 0.057462 0.070588
0 0.786512 0.656303 0.058260 0.068908
1 0.458101 0.459664 0.090982 0.075630
7 0.106943 0.238655 0.015962 0.023529
7 0.415403 0.179832 0.010375 0.020168
7 0.478851 0.129412 0.009577 0.020168
4 0.805666 0.139496 0.026337 0.016807
0 0.443336 0.813445 0.056664 0.053782
1 0.890263 0.726050 0.071030 0.084034
