0 0.106544 0.332520 0.059856 0.043902
0 0.793695 0.650407 0.058260 0.071545
0 0.833599 0.620325 0.053472 0.069919
0 0.859537 0.699187 0.055866 0.068293
0 0.928172 0.763415 0.059058 0.073171
1 0.762570 0.569106 0.069433 0.074797
5 0.709896 0.488618 0.029529 0.030894
7 0.345970 0.833333 0.011971 0.017886
7 0.407821 0.874797 0.012769 0.022764
7 0.247007 0.790244 0.015164 0.022764
7 0.471668 0.148780 0.012769 0.027642
7 0.859936 0.174797 0.026337 0.024390
2 0.947326 0.708130 0.098962 0.125203
1 0.971668 0.934959 0.053472 0.074797
7 0.616121 0.185366 0.014366 0.026016
0 0.982043 0.809244 0.032721 0.058824
0 0.901836 0.289916 0.054270 0.045378
0 0.764166 0.301681 0.053472 0.042017
0 0.608140 0.247059 0.047885 0.043697
0 0.446129 0.809244 0.055866 0.052101
1 0.703911 0.592437 0.068635 0.075630
2 0.539505 0.405882 0.118117 0.092437
3 0.139266 0.505042 0.074222 0.045378
6 0.452514 0.072269 0.019154 0.053782
6 0.019553 0.524370 0.039106 0.043697
4 0.801676 0.141176 0.027933 0.016807
