1 0.807662 0.678049 0.068635 0.084553
1 0.815243 0.396748 0.067837 0.048780
1 0.058659 0.326829 0.079010 0.065041
0 0.067039 0.517073 0.062251 0.048780
0 0.296089 0.491870 0.057462 0.050407
0 0.442937 0.830081 0.059058 0.053659
0 0.533919 0.439837 0.057462 0.053659
0 0.613328 0.252033 0.048683 0.045528
0 0.709497 0.253659 0.052674 0.042276
0 0.837989 0.312195 0.059058 0.048780
0 0.911413 0.305691 0.063847 0.048780
0 0.728651 0.618699 0.059058 0.073171
0 0.882283 0.747967 0.059856 0.071545
6 0.221069 0.282927 0.035116 0.045528
7 0.912610 0.196748 0.016760 0.019512
7 0.411812 0.884553 0.007981 0.022764
7 0.401437 0.891870 0.009577 0.021138
7 0.175978 0.233333 0.010375 0.014634
7 0.115722 0.226829 0.015962 0.017886
4 0.761373 0.318699 0.030327 0.022764
4 0.816042 0.144715 0.031125 0.019512
7 0.896648 0.204065 0.013567 0.021138
