7 0.409816 0.880488 0.007183 0.021138
7 0.400239 0.891870 0.008779 0.021138
7 0.133679 0.199187 0.015164 0.017886
5 0.931365 0.686179 0.025539 0.026016
0 0.543496 0.370732 0.059058 0.048780
0 0.614126 0.248780 0.048683 0.045528
0 0.730247 0.619512 0.057462 0.071545
0 0.884677 0.748780 0.061453 0.073171
0 0.952514 0.807317 0.061453 0.073171
1 0.862330 0.654472 0.059856 0.076423
1 0.808460 0.678862 0.068635 0.082927
1 0.787310 0.255285 0.061453 0.052033
0 0.442937 0.831707 0.059058 0.060163
7 0.486386 0.144704 0.008344 0.019183
0 0.362758 0.321101 0.055336 0.046706
4 0.817239 0.143697 0.030327 0.021849
0 0.101756 0.499160 0.058260 0.047059
0 0.187550 0.501681 0.057462 0.042017
3 0.757781 0.565546 0.099761 0.102521
