7 0.479649 0.125203 0.009577 0.019512
7 0.482043 0.152033 0.009577 0.017886
7 0.494014 0.156911 0.007981 0.017886
7 0.685555 0.718699 0.012769 0.022764
7 0.404629 0.878049 0.007981 0.022764
7 0.340782 0.842276 0.012769 0.019512
7 0.270950 0.800813 0.013567 0.017886
7 0.197127 0.807317 0.012769 0.021138
4 0.816840 0.685366 0.024741 0.030894
4 0.806864 0.136585 0.028731 0.022764
4 0.813647 0.294309 0.029529 0.022764
4 0.768955 0.297561 0.026337 0.026016
6 0.843176 0.638211 0.040702 0.047154
6 0.716680 0.303252 0.039904 0.040650
2 0.853951 0.950407 0.122905 0.095935
0 0.700319 0.586179 0.059856 0.079675
0 0.788907 0.582114 0.059856 0.068293
0 0.767757 0.639024 0.055866 0.071545
0 0.307263 0.484874 0.057462 0.062185
0 0.420990 0.055462 0.023144 0.100840
0 0.611333 0.245378 0.046289 0.043697
0 0.444533 0.816807 0.057462 0.053782
0 0.510375 0.831933 0.056664 0.053782
3 0.969673 0.736975 0.057462 0.078992
