6 0.916999 0.306504 0.043097 0.040650
7 0.476457 0.118699 0.009577 0.022764
7 0.173982 0.453659 0.015962 0.016260
7 0.187949 0.238211 0.013567 0.021138
7 0.165603 0.219512 0.011971 0.013008
7 0.114126 0.221138 0.017558 0.022764
7 0.012769 0.230081 0.020750 0.017886
7 0.402634 0.914634 0.010375 0.021138
4 0.210295 0.479675 0.032721 0.022764
4 0.138069 0.479675 0.028731 0.019512
0 0.171987 0.323577 0.058260 0.052033
0 0.270152 0.516260 0.058260 0.043902
0 0.458899 0.363415 0.057462 0.060163
0 0.614126 0.254472 0.050279 0.043902
0 0.710295 0.255285 0.052674 0.042276
0 0.859138 0.321138 0.053472 0.043902
0 0.976457 0.313821 0.045491 0.042276
0 0.934956 0.719512 0.053472 0.069919
0 0.827614 0.628455 0.060654 0.073171
0 0.675978 0.508943 0.057462 0.071545
3 0.572626 0.504065 0.072626 0.081301
1 0.386672 0.422764 0.075818 0.068293
4 0.053472 0.324390 0.025539 0.021138
7 0.515164 0.203361 0.008779 0.023529
5 0.508380 0.526050 0.022346 0.020168
4 0.816441 0.147059 0.028731 0.018487
7 0.161612 0.229412 0.011971 0.018487
