1 0.032721 0.372358 0.063847 0.058537
1 0.747805 0.334959 0.073424 0.052033
1 0.735435 0.858537 0.069433 0.071545
3 0.826816 0.699187 0.075020 0.091057
0 0.914605 0.313008 0.055866 0.047154
0 0.493615 0.391870 0.067837 0.074797
0 0.644852 0.483740 0.065443 0.076423
0 0.689146 0.586992 0.058260 0.068293
0 0.442538 0.829268 0.058260 0.055285
0 0.326417 0.412195 0.059058 0.053659
0 0.030726 0.513008 0.058260 0.050407
5 0.539904 0.338211 0.021548 0.022764
4 0.817638 0.144715 0.027933 0.019512
4 0.742618 0.568293 0.026337 0.034146
7 0.096568 0.223577 0.015962 0.014634
7 0.408619 0.881301 0.007981 0.019512
7 0.400239 0.892683 0.007183 0.022764
7 0.486166 0.145121 0.007027 0.025021
1 0.731445 0.247899 0.056664 0.042017
0 0.614126 0.248739 0.048683 0.043697
0 0.188348 0.499160 0.059058 0.043697
0 0.102155 0.499160 0.059058 0.047059
0 0.833998 0.322689 0.046289 0.043697
