7 0.677865 0.193519 0.010417 0.025926
7 0.501953 0.165741 0.009635 0.025926
7 0.481120 0.153009 0.012760 0.022685
7 0.195833 0.230093 0.013542 0.017593
7 0.185938 0.248611 0.014583 0.019444
7 0.190365 0.808102 0.011979 0.019907
7 0.270052 0.800000 0.011979 0.016667
7 0.338411 0.847222 0.011198 0.019444
6 0.838151 0.297917 0.045573 0.042130
4 0.912630 0.255787 0.029427 0.022685
4 0.813672 0.140741 0.029427 0.021296
4 0.792057 0.304861 0.029427 0.024537
4 0.224609 0.529398 0.029427 0.024537
4 0.318880 0.540741 0.027865 0.021296
1 0.728646 0.246528 0.060417 0.050463
0 0.322917 0.484491 0.061458 0.058796
0 0.139714 0.498380 0.065365 0.050463
7 0.745443 0.188657 0.011198 0.022685
0 0.613727 0.245378 0.047885 0.043697
7 0.405028 0.875630 0.010375 0.026891
0 0.046289 0.496639 0.059058 0.042017
0 0.191540 0.277311 0.055866 0.047059
7 0.284916 0.831092 0.011173 0.021849
7 0.211093 0.242857 0.010375 0.025210
3 0.926975 0.308403 0.080607 0.055462
