0 0.694792 0.577315 0.058333 0.077778
0 0.787240 0.653704 0.058333 0.075000
0 0.849219 0.627546 0.049479 0.061574
1 0.753776 0.560880 0.082031 0.084722
1 0.938932 0.696759 0.074219 0.089815
1 0.870703 0.709722 0.070052 0.086111
4 0.807682 0.138889 0.030469 0.021296
7 0.342318 0.840509 0.012760 0.022685
7 0.407943 0.883796 0.012760 0.024074
7 0.092969 0.212269 0.018229 0.024537
7 0.481120 0.129167 0.012760 0.021296
7 0.477214 0.153704 0.014323 0.024074
7 0.490755 0.153704 0.012760 0.024074
7 0.642057 0.165046 0.015365 0.027315
2 0.957422 0.788889 0.085156 0.119444
0 0.610136 0.242017 0.047087 0.043697
0 0.509976 0.830252 0.057462 0.050420
0 0.444932 0.815126 0.055068 0.050420
0 0.402235 0.710924 0.055866 0.050420
1 0.195531 0.370588 0.067039 0.048739
3 0.207502 0.501681 0.075020 0.048739
6 0.146049 0.501681 0.038308 0.031933
0 0.085395 0.492437 0.054270 0.040336
