0 0.795690 0.659350 0.054270 0.063415
1 0.737829 0.553659 0.061453 0.069919
1 0.821229 0.618699 0.067039 0.082927
4 0.801277 0.142276 0.030327 0.024390
7 0.342777 0.836585 0.010375 0.021138
7 0.405028 0.881301 0.011971 0.019512
7 0.185954 0.234959 0.015962 0.021138
7 0.463687 0.134454 0.009577 0.023529
7 0.474461 0.124370 0.010375 0.020168
2 0.221868 0.504202 0.132482 0.063866
0 0.607342 0.246218 0.047885 0.045378
0 0.807662 0.323529 0.047885 0.042017
0 0.731445 0.605882 0.053472 0.065546
0 0.114924 0.495798 0.049481 0.040336
0 0.444533 0.812605 0.057462 0.052101
