7 0.341580 0.841463 0.009577 0.024390
7 0.409018 0.882927 0.010375 0.022764
7 0.480846 0.134146 0.010375 0.024390
7 0.476856 0.151220 0.013567 0.022764
4 0.735036 0.546341 0.028731 0.032520
4 0.921788 0.301626 0.038308 0.027642
4 0.808061 0.141463 0.034318 0.019512
1 0.750200 0.624390 0.065443 0.081301
0 0.829609 0.376471 0.050279 0.043697
0 0.865124 0.281513 0.062251 0.052101
0 0.779729 0.300840 0.047885 0.043697
0 0.610136 0.244538 0.047087 0.045378
0 0.509577 0.831933 0.056664 0.053782
0 0.444533 0.814286 0.055866 0.052101
0 0.430966 0.684034 0.055866 0.053782
0 0.161612 0.492437 0.050279 0.043697
6 0.274142 0.489076 0.037510 0.040336
6 0.033919 0.313445 0.037510 0.038655
7 0.116121 0.432773 0.013567 0.021849
7 0.063049 0.206723 0.014366 0.016807
