7 0.482422 0.153704 0.008594 0.021296
7 0.496875 0.163426 0.011979 0.017593
7 0.194271 0.304861 0.013542 0.018056
7 0.189974 0.259259 0.011198 0.014815
7 0.728255 0.142361 0.010156 0.018056
7 0.729557 0.269907 0.011198 0.016667
7 0.195443 0.810648 0.009635 0.017593
7 0.272526 0.801620 0.010156 0.019907
7 0.294792 0.818056 0.011979 0.019444
7 0.342708 0.845370 0.010417 0.025926
7 0.407422 0.880556 0.005469 0.024074
4 0.728255 0.617130 0.021615 0.024074
4 0.812109 0.138889 0.027865 0.021296
0 0.194141 0.284722 0.054427 0.043519
0 0.347135 0.484491 0.044792 0.048611
0 0.841667 0.313889 0.058333 0.045370
0 0.932943 0.309028 0.062240 0.055093
5 0.395182 0.307407 0.012240 0.030556
0 0.612131 0.245378 0.049481 0.043697
0 0.181165 0.518487 0.057462 0.045378
1 0.726656 0.247059 0.056664 0.043697
3 0.974461 0.751261 0.047885 0.073950
