4 0.816441 0.145528 0.030327 0.021138
4 0.556265 0.302439 0.022346 0.019512
4 0.829609 0.969106 0.027933 0.035772
0 0.684757 0.321138 0.059058 0.050407
0 0.266959 0.408943 0.053472 0.050407
0 0.065044 0.499187 0.061453 0.052033
0 0.442139 0.831707 0.059058 0.056911
0 0.728252 0.619512 0.058260 0.071545
0 0.884278 0.748780 0.060654 0.073171
0 0.952115 0.807317 0.062251 0.076423
1 0.916201 0.259350 0.063847 0.047154
1 0.808061 0.678862 0.067837 0.082927
1 0.863927 0.655285 0.058260 0.078049
7 0.409417 0.882927 0.009577 0.022764
7 0.398643 0.893496 0.011971 0.024390
7 0.159218 0.800813 0.011971 0.017886
7 0.117717 0.215447 0.018356 0.021138
7 0.485727 0.143870 0.007905 0.017515
7 0.619713 0.144538 0.010375 0.023529
3 0.757781 0.565546 0.099761 0.105882
0 0.132482 0.324370 0.055866 0.047059
0 0.187151 0.502521 0.056664 0.047059
0 0.613727 0.249580 0.047885 0.042017
