4 0.171588 0.535772 0.031923 0.024390
4 0.290104 0.547154 0.024741 0.024390
4 0.791700 0.307317 0.027135 0.029268
4 0.813647 0.139837 0.029529 0.022764
0 0.612929 0.247154 0.049481 0.045528
0 0.131285 0.498374 0.061453 0.050407
0 0.222666 0.504878 0.063847 0.053659
0 0.045491 0.495122 0.060654 0.050407
0 0.490024 0.447967 0.055866 0.060163
1 0.728252 0.246341 0.059856 0.050407
6 0.837989 0.298374 0.041500 0.043902
7 0.676776 0.192683 0.011173 0.024390
7 0.502793 0.165854 0.011173 0.022764
7 0.483240 0.157724 0.013567 0.022764
7 0.197127 0.230894 0.012769 0.019512
7 0.191939 0.249593 0.010375 0.017886
7 0.269354 0.800813 0.010375 0.021138
7 0.293296 0.821951 0.011971 0.024390
7 0.337989 0.844715 0.010375 0.021138
7 0.405028 0.879675 0.011971 0.029268
7 0.741421 0.202439 0.011173 0.021138
7 0.189146 0.809244 0.012769 0.021849
3 0.926177 0.309244 0.080607 0.057143
7 0.209896 0.238655 0.011173 0.023529
0 0.189545 0.277311 0.055068 0.047059
