7 0.150040 0.770732 0.017558 0.016260
7 0.195531 0.808943 0.012769 0.021138
7 0.273344 0.802439 0.011971 0.017886
7 0.294094 0.818699 0.008779 0.021138
7 0.341580 0.842276 0.009577 0.016260
7 0.406225 0.879675 0.009577 0.026016
7 0.601756 0.934959 0.011173 0.026016
7 0.475658 0.150407 0.011173 0.021138
4 0.086991 0.505691 0.031923 0.019512
4 0.599362 0.521951 0.025539 0.032520
4 0.683160 0.562602 0.028731 0.035772
4 0.808061 0.139024 0.029529 0.021138
3 0.793695 0.661789 0.075818 0.087805
1 0.907821 0.678049 0.059856 0.071545
0 0.805267 0.604878 0.047885 0.061789
0 0.889465 0.734146 0.053472 0.066667
0 0.702314 0.850407 0.059058 0.061789
0 0.898643 0.887805 0.059058 0.065041
0 0.914605 0.966667 0.059058 0.063415
0 0.735834 0.965854 0.055866 0.061789
7 0.493193 0.155546 0.007905 0.017515
0 0.193935 0.282353 0.055866 0.043697
2 0.187550 0.510084 0.146848 0.062185
0 0.612530 0.245378 0.045491 0.043697
3 0.690742 0.510924 0.096568 0.100840
