7 0.200718 0.207317 0.013567 0.021138
7 0.119314 0.214634 0.018356 0.022764
7 0.108939 0.221951 0.019952 0.024390
7 0.479250 0.153659 0.010375 0.024390
7 0.402235 0.882927 0.012769 0.022764
7 0.335595 0.849593 0.011971 0.021138
7 0.290104 0.822764 0.013567 0.026016
7 0.187550 0.812195 0.012769 0.024390
4 0.839186 0.714634 0.029529 0.040650
4 0.812051 0.141463 0.029529 0.022764
3 0.711093 0.598374 0.075020 0.084553
1 0.726656 0.249593 0.059856 0.047154
0 0.949322 0.970732 0.061453 0.045528
0 0.919792 0.706504 0.063049 0.073171
0 0.844773 0.639024 0.059856 0.071545
0 0.796887 0.672358 0.056664 0.069919
0 0.770551 0.577236 0.059856 0.074797
0 0.786512 0.332520 0.058260 0.050407
0 0.607741 0.355285 0.059856 0.053659
0 0.432562 0.390244 0.059058 0.052033
0 0.205507 0.399187 0.048683 0.050407
0 0.219074 0.505691 0.063049 0.052033
0 0.126895 0.320325 0.057462 0.052033
0 0.127694 0.500813 0.063847 0.048780
0 0.040702 0.497561 0.063847 0.048780
0 0.039965 0.383236 0.051823 0.044204
7 0.500798 0.163866 0.008779 0.021849
7 0.267757 0.806723 0.011971 0.020168
7 0.204709 0.190756 0.015164 0.015126
7 0.207103 0.242017 0.010375 0.023529
7 0.634876 0.141176 0.011971 0.023529
0 0.610535 0.246218 0.047885 0.042017
