0 0.218276 0.505691 0.061453 0.052033
0 0.881484 0.306504 0.061453 0.047154
0 0.875898 0.372358 0.059856 0.048780
0 0.770950 0.578862 0.060654 0.071545
0 0.843974 0.640650 0.059856 0.074797
0 0.921788 0.708130 0.063847 0.076423
0 0.797287 0.674797 0.059058 0.074797
1 0.544294 0.317886 0.068635 0.053659
1 0.673184 0.312195 0.063049 0.048780
3 0.789306 0.928455 0.071828 0.081301
3 0.715084 0.600813 0.075020 0.089431
2 0.743815 0.378049 0.135674 0.066667
7 0.858739 0.160976 0.015962 0.026016
7 0.479649 0.155285 0.009577 0.024390
7 0.500000 0.158537 0.011971 0.021138
7 0.181165 0.216260 0.015962 0.019512
7 0.193136 0.206504 0.014366 0.016260
7 0.353551 0.027642 0.011173 0.032520
7 0.889864 0.843089 0.015962 0.024390
7 0.403033 0.884553 0.011173 0.022764
7 0.335196 0.851220 0.009577 0.017886
7 0.268555 0.804065 0.015164 0.021138
7 0.185954 0.813008 0.011173 0.019512
7 0.136073 0.945528 0.013567 0.021138
4 0.841181 0.716260 0.031923 0.034146
4 0.812051 0.144715 0.026337 0.019512
7 0.640975 0.143453 0.009223 0.016681
7 0.208300 0.242017 0.012769 0.030252
0 0.612131 0.246218 0.046289 0.045378
1 0.726656 0.249580 0.058260 0.048739
7 0.289306 0.828571 0.011971 0.020168
