7 0.342378 0.839837 0.009577 0.017886
4 0.802873 0.141463 0.033520 0.019512
1 0.737031 0.553659 0.058260 0.073171
1 0.824022 0.617886 0.066241 0.078049
0 0.795291 0.659350 0.053472 0.060163
0 0.607741 0.246218 0.047087 0.045378
0 0.732243 0.605042 0.055068 0.063866
0 0.115323 0.495798 0.047087 0.040336
0 0.445331 0.811765 0.057462 0.053782
2 0.889864 0.313445 0.137271 0.072269
2 0.221868 0.505882 0.132482 0.060504
7 0.211891 0.237815 0.013567 0.021849
7 0.464086 0.136134 0.010375 0.020168
7 0.469274 0.120168 0.011173 0.018487
7 0.405427 0.880672 0.009577 0.016807
