7 0.407422 0.885366 0.013567 0.017886
7 0.468077 0.135772 0.011971 0.027642
6 0.275738 0.496748 0.037510 0.037398
4 0.804070 0.139837 0.032721 0.022764
3 0.960495 0.796748 0.075818 0.097561
1 0.459298 0.438211 0.071030 0.060163
0 0.680367 0.500000 0.053472 0.063415
0 0.783320 0.578049 0.061453 0.073171
0 0.740223 0.612195 0.051875 0.069919
0 0.880686 0.668293 0.063049 0.078049
0 0.093775 0.400000 0.053472 0.048780
0 0.064246 0.502439 0.053472 0.045528
0 0.139665 0.504065 0.055866 0.048780
0 0.207901 0.510569 0.058260 0.048780
7 0.341580 0.840336 0.011173 0.020168
0 0.608140 0.244538 0.046289 0.045378
0 0.443735 0.812605 0.057462 0.052101
0 0.060654 0.315966 0.055866 0.043697
