4 0.129297 0.503241 0.027344 0.021296
4 0.815234 0.146296 0.027865 0.019444
7 0.698307 0.170602 0.012760 0.016204
7 0.672786 0.188657 0.011198 0.022685
7 0.058984 0.220370 0.014323 0.021296
7 0.239844 0.444676 0.015104 0.018056
7 0.286979 0.817130 0.010417 0.014815
7 0.408594 0.876389 0.009375 0.019444
7 0.401823 0.887731 0.010417 0.022685
0 0.912240 0.315509 0.054167 0.048611
1 0.728255 0.250463 0.059635 0.045370
1 0.745313 0.337500 0.071875 0.053704
0 0.822526 0.324306 0.048698 0.043981
0 0.770573 0.395139 0.055208 0.048611
0 0.469661 0.461806 0.056510 0.055093
0 0.442448 0.828472 0.058333 0.056944
0 0.203906 0.517130 0.056771 0.045370
0 0.113802 0.655324 0.058333 0.055093
6 0.054297 0.508796 0.044531 0.045370
7 0.485677 0.146759 0.008854 0.023148
0 0.612530 0.250420 0.050279 0.043697
