0 0.727853 0.621138 0.059058 0.068293
0 0.882283 0.747967 0.061453 0.068293
0 0.950519 0.807317 0.062251 0.073171
0 0.188747 0.500813 0.059856 0.048780
0 0.103352 0.500813 0.058260 0.048780
1 0.861532 0.652846 0.061453 0.069919
1 0.807263 0.679675 0.067837 0.084553
4 0.815243 0.145528 0.029529 0.017886
5 0.865124 0.627642 0.027135 0.022764
7 0.131285 0.208943 0.010375 0.021138
7 0.411014 0.880488 0.006385 0.017886
7 0.401836 0.890244 0.008779 0.024390
7 0.487044 0.144287 0.007027 0.016681
1 0.744214 0.251261 0.059856 0.045378
3 0.757382 0.563866 0.098962 0.109244
0 0.613727 0.250420 0.047885 0.043697
0 0.118117 0.352941 0.055866 0.043697
0 0.023543 0.321849 0.047087 0.045378
0 0.441740 0.830252 0.058260 0.057143
