0 0.841146 0.312963 0.057292 0.047222
0 0.162891 0.736574 0.057552 0.058333
1 0.713802 0.254630 0.061458 0.060185
1 0.871484 0.894907 0.059115 0.066667
3 0.886719 0.740509 0.076563 0.082870
4 0.808464 0.138889 0.028906 0.021296
4 0.745443 0.609028 0.028906 0.031019
4 0.720964 0.612037 0.024740 0.034259
6 0.397526 0.756019 0.036719 0.045370
7 0.145573 0.765972 0.011979 0.016204
7 0.270052 0.805556 0.011979 0.021296
7 0.405859 0.881481 0.008594 0.025926
7 0.626823 0.934954 0.013542 0.022685
7 0.188411 0.256713 0.011198 0.016204
7 0.479167 0.154630 0.010417 0.025926
7 0.493620 0.155093 0.007031 0.018519
0 0.192737 0.284034 0.055068 0.043697
0 0.612131 0.246218 0.046289 0.045378
0 0.933360 0.308403 0.056664 0.042017
7 0.340383 0.847059 0.010375 0.016807
7 0.291301 0.821849 0.009577 0.020168
7 0.193536 0.811765 0.011971 0.016807
3 0.735834 0.547899 0.097366 0.104202
2 0.080208 0.505042 0.154030 0.065546
