6 0.836719 0.301389 0.041667 0.043519
3 0.927083 0.309722 0.085417 0.053704
7 0.407943 0.882870 0.012760 0.025926
7 0.338411 0.847222 0.014323 0.019444
7 0.288151 0.829398 0.009635 0.022685
7 0.270443 0.807407 0.012760 0.021296
7 0.216667 0.745602 0.016667 0.018056
7 0.194271 0.812269 0.015104 0.018056
7 0.484115 0.156944 0.008854 0.017593
7 0.496875 0.160185 0.008854 0.014815
7 0.674349 0.191204 0.011198 0.021296
7 0.735026 0.218750 0.009635 0.020833
4 0.813672 0.143981 0.026302 0.021296
4 0.783724 0.270833 0.030469 0.027778
4 0.791667 0.305556 0.028646 0.025926
4 0.781380 0.583796 0.032031 0.038889
4 0.711068 0.593519 0.027344 0.032407
0 0.348828 0.478009 0.059115 0.048611
0 0.560677 0.435648 0.059896 0.058333
0 0.769010 0.648843 0.056771 0.078241
0 0.840885 0.705787 0.061458 0.074537
1 0.841927 0.392824 0.070312 0.056944
0 0.413802 0.064352 0.026562 0.105556
0 0.191939 0.281513 0.055068 0.048739
7 0.195132 0.235294 0.010375 0.023529
7 0.202314 0.236134 0.013567 0.018487
7 0.207901 0.242857 0.010375 0.021849
0 0.084198 0.496639 0.055068 0.045378
0 0.612929 0.247899 0.046289 0.042017
1 0.728252 0.248739 0.059856 0.043697
