0 0.569832 0.423577 0.054270 0.069919
0 0.705507 0.534959 0.055866 0.071545
0 0.834397 0.625203 0.055068 0.073171
3 0.214286 0.506504 0.075818 0.060163
3 0.578611 0.504878 0.068635 0.082927
4 0.806065 0.139837 0.028731 0.022764
4 0.921389 0.302439 0.034318 0.032520
6 0.440144 0.108130 0.024741 0.066667
6 0.147646 0.500000 0.041500 0.043902
7 0.340782 0.841463 0.011173 0.021138
7 0.406624 0.883740 0.010375 0.027642
7 0.063847 0.208943 0.015962 0.017886
7 0.160814 0.239024 0.015164 0.026016
7 0.475259 0.156098 0.011971 0.022764
7 0.480447 0.131707 0.007981 0.029268
7 0.490024 0.156098 0.011173 0.019512
0 0.867518 0.715966 0.060654 0.070588
0 0.509976 0.831092 0.055866 0.052101
0 0.443336 0.812605 0.058260 0.052101
0 0.863128 0.281513 0.061453 0.048739
0 0.778132 0.302521 0.046289 0.043697
0 0.608140 0.246218 0.047885 0.042017
0 0.343176 0.414286 0.054270 0.048739
0 0.084597 0.493277 0.055866 0.042017
1 0.189545 0.391597 0.063049 0.050420
