4 0.146094 0.673843 0.028646 0.024537
4 0.495964 0.707407 0.023177 0.025926
4 0.746615 0.610417 0.028125 0.031019
4 0.723568 0.611343 0.023177 0.029167
4 0.811328 0.139120 0.027865 0.018056
7 0.479557 0.152083 0.009635 0.020833
7 0.045964 0.208102 0.020052 0.022685
7 0.194661 0.808796 0.011198 0.021296
7 0.271354 0.800926 0.010937 0.021296
7 0.292448 0.819444 0.007292 0.019444
7 0.295182 0.847917 0.011198 0.018056
7 0.341536 0.846296 0.008073 0.021296
7 0.407031 0.877315 0.007812 0.021296
4 0.969661 0.280324 0.032031 0.026389
3 0.812500 0.677083 0.073438 0.082870
3 0.951693 0.890278 0.077344 0.079630
1 0.735417 0.811343 0.055208 0.065278
0 0.213021 0.352778 0.054167 0.049074
0 0.163672 0.735880 0.059115 0.063426
0 0.889453 0.735880 0.051823 0.069907
4 0.022396 0.810417 0.027083 0.031019
0 0.358984 0.337037 0.052344 0.039815
7 0.493880 0.155093 0.010156 0.020370
0 0.713672 0.975231 0.063802 0.049537
1 0.822825 0.306723 0.076616 0.055462
1 0.638867 0.323529 0.067837 0.052101
0 0.612131 0.243697 0.046289 0.047059
0 0.494014 0.349580 0.054270 0.043697
0 0.193536 0.282353 0.056664 0.043697
0 0.617717 0.832773 0.062251 0.062185
0 0.327215 0.677311 0.055866 0.053782
3 0.737829 0.548739 0.094972 0.105882
2 0.188348 0.507563 0.146848 0.063866
