7 0.480048 0.152846 0.010375 0.022764
7 0.501596 0.165854 0.010375 0.016260
7 0.336393 0.847154 0.011971 0.019512
7 0.266560 0.803252 0.012769 0.022764
7 0.186752 0.810569 0.014366 0.024390
7 0.147247 0.186179 0.015164 0.021138
7 0.193536 0.226829 0.013567 0.017886
4 0.842777 0.931707 0.023943 0.022764
4 0.790902 0.305691 0.025539 0.026016
4 0.813248 0.142276 0.027135 0.024390
4 0.268156 0.544715 0.028731 0.022764
4 0.058260 0.533333 0.035116 0.026016
6 0.835595 0.300813 0.041500 0.045528
0 0.219872 0.504065 0.063049 0.048780
0 0.127694 0.499187 0.065443 0.052033
0 0.041899 0.497561 0.061453 0.048780
1 0.038647 0.385738 0.076416 0.060884
1 0.727454 0.247059 0.058260 0.043697
0 0.612131 0.246218 0.047885 0.042017
7 0.660016 0.178992 0.011173 0.025210
7 0.197526 0.220168 0.015164 0.016807
0 0.182362 0.338655 0.053472 0.045378
0 0.187949 0.277311 0.056664 0.047059
3 0.925778 0.307563 0.079808 0.053782
7 0.209098 0.240336 0.011173 0.026891
7 0.291301 0.823529 0.011173 0.020168
0 0.368316 0.393277 0.055068 0.050420
