7 0.009178 0.918699 0.018356 0.032520
7 0.104948 0.452033 0.015164 0.022764
7 0.342378 0.840650 0.009577 0.019512
7 0.407422 0.886992 0.010375 0.021138
7 0.481245 0.133333 0.011173 0.022764
7 0.478053 0.154472 0.012769 0.022764
4 0.920990 0.300813 0.035116 0.032520
4 0.808061 0.138211 0.031125 0.022764
4 0.731045 0.542276 0.031923 0.030894
1 0.735834 0.612195 0.070231 0.082927
0 0.836393 0.622764 0.054270 0.065041
0 0.866321 0.280488 0.063049 0.053659
7 0.063049 0.207563 0.014366 0.018487
6 0.407821 0.163866 0.019154 0.062185
6 0.138069 0.308403 0.036712 0.038655
0 0.610136 0.242857 0.047087 0.042017
0 0.773344 0.302521 0.047885 0.043697
0 0.469673 0.449580 0.048683 0.045378
0 0.510375 0.831092 0.056664 0.052101
0 0.444932 0.815966 0.055068 0.052101
0 0.268955 0.488235 0.049481 0.038655
0 0.045890 0.512605 0.066241 0.047059
