0 0.065443 0.504065 0.055866 0.045528
0 0.140064 0.505691 0.059856 0.045528
0 0.207103 0.511382 0.059856 0.050407
4 0.802075 0.145528 0.028731 0.021138
4 0.102554 0.390244 0.027933 0.026016
7 0.467279 0.123577 0.010375 0.026016
7 0.480048 0.136585 0.010375 0.022764
7 0.341979 0.839024 0.010375 0.019512
7 0.407422 0.881301 0.011971 0.022764
6 0.275339 0.497479 0.036712 0.036975
4 0.864326 0.271429 0.031923 0.021849
0 0.745810 0.310084 0.056664 0.045378
0 0.607342 0.246218 0.047885 0.042017
0 0.189146 0.327731 0.054270 0.043697
0 0.443336 0.811765 0.058260 0.053782
