0 0.085395 0.491870 0.057462 0.043902
0 0.575818 0.421951 0.051875 0.066667
0 0.796887 0.589431 0.058260 0.073171
0 0.444134 0.817073 0.059856 0.056911
0 0.508779 0.831707 0.055068 0.056911
1 0.422586 0.058537 0.037510 0.113821
1 0.663607 0.561789 0.064645 0.076423
1 0.857143 0.710569 0.068635 0.084553
2 0.488029 0.443089 0.144453 0.121951
4 0.809258 0.139837 0.027135 0.019512
7 0.341979 0.839837 0.010375 0.021138
7 0.407023 0.884553 0.011173 0.029268
7 0.490024 0.152846 0.009577 0.019512
7 0.477654 0.156098 0.011971 0.022764
7 0.481644 0.130081 0.011971 0.022764
7 0.159617 0.250407 0.017558 0.026016
7 0.089785 0.212195 0.015164 0.021138
1 0.027933 0.335772 0.054270 0.053659
6 0.952514 0.715126 0.043895 0.045378
6 0.146049 0.501681 0.038308 0.031933
3 0.206305 0.503361 0.074222 0.048739
0 0.944533 0.277311 0.064645 0.050420
0 0.778132 0.301681 0.047885 0.038655
0 0.608939 0.243697 0.044693 0.040336
0 0.415802 0.334454 0.055866 0.057143
