4 0.014765 0.709470 0.024741 0.022472
5 0.525539 0.291597 0.027933 0.025210
4 0.166002 0.263025 0.020750 0.031933
4 0.110535 0.258824 0.010375 0.033613
4 0.300080 0.578992 0.023943 0.021849
1 0.152035 0.598319 0.067837 0.050420
0 0.709098 0.383193 0.055068 0.043697
0 0.674381 0.316807 0.063847 0.048739
0 0.383879 0.286555 0.035116 0.105882
0 0.416201 0.539496 0.035914 0.100840
0 0.557462 0.900000 0.035914 0.099160
0 0.328013 0.856303 0.054270 0.062185
0 0.249800 0.824370 0.051077 0.052101
0 0.057462 0.600840 0.055866 0.048739
0 0.031125 0.675630 0.060654 0.050420
0 0.110136 0.660504 0.054270 0.047059
0 0.176377 0.652101 0.059058 0.053782
0 0.239425 0.642857 0.057462 0.048739
0 0.236632 0.583193 0.050279 0.047059
4 0.123304 0.252941 0.010375 0.025210
