4 0.167187 0.263426 0.022917 0.041667
4 0.238151 0.616435 0.029427 0.029167
5 0.581771 0.287963 0.030208 0.030556
1 0.152833 0.597479 0.067837 0.052101
4 0.110934 0.257983 0.011173 0.035294
7 0.187151 0.250420 0.013567 0.020168
0 0.708699 0.384034 0.052674 0.042017
0 0.673583 0.319328 0.065443 0.053782
0 0.360734 0.205042 0.031923 0.107563
0 0.237430 0.582353 0.051875 0.042017
0 0.239824 0.643697 0.053472 0.047059
0 0.178771 0.653782 0.059058 0.047059
0 0.058260 0.600000 0.054270 0.047059
0 0.030327 0.674790 0.060654 0.052101
0 0.110535 0.660504 0.053472 0.050420
4 0.124900 0.250420 0.010375 0.023529
