0 0.544792 0.823380 0.035937 0.112500
0 0.563802 0.946296 0.035937 0.098148
0 0.253385 0.836574 0.060937 0.050926
4 0.338388 0.044538 0.014366 0.052101
4 0.331604 0.263866 0.010375 0.050420
4 0.113328 0.255462 0.012769 0.040336
4 0.125299 0.252941 0.009577 0.028571
4 0.570630 0.772269 0.012769 0.052101
3 0.127694 0.589916 0.071828 0.053782
0 0.350359 0.122689 0.031923 0.100840
0 0.251397 0.570588 0.051077 0.042017
0 0.191939 0.651261 0.058260 0.052101
0 0.262171 0.636134 0.050279 0.045378
0 0.462091 0.652941 0.038308 0.099160
0 0.561852 0.452941 0.049481 0.062185
0 0.752195 0.376471 0.058260 0.047059
0 0.679170 0.615966 0.044693 0.078992
0 0.897047 0.542857 0.059058 0.053782
