0 0.472067 0.955859 0.034318 0.078652
4 0.572227 0.796148 0.015962 0.054575
0 0.647646 0.585072 0.061453 0.056180
7 0.931365 0.213821 0.012769 0.024390
0 0.351955 0.126050 0.033520 0.097479
0 0.085794 0.425210 0.059856 0.047059
0 0.443336 0.346218 0.055068 0.047059
0 0.687550 0.320168 0.055068 0.045378
0 0.715882 0.385714 0.051077 0.045378
0 0.806464 0.379832 0.058260 0.050420
0 0.893855 0.366387 0.060654 0.047059
0 0.965283 0.363025 0.055068 0.040336
0 0.628093 0.722689 0.031923 0.100840
0 0.615323 0.874790 0.031923 0.105882
0 0.565044 0.947899 0.033520 0.090756
0 0.545092 0.826050 0.033520 0.099160
1 0.353951 0.868908 0.056664 0.060504
3 0.867518 0.305882 0.076616 0.057143
4 0.339186 0.041176 0.015962 0.048739
4 0.332402 0.263866 0.015164 0.047059
4 0.318436 0.637815 0.030327 0.025210
4 0.128891 0.254622 0.008779 0.031933
4 0.114525 0.257983 0.008779 0.031933
