0 0.429370 0.618699 0.051077 0.047154
0 0.697526 0.386179 0.052674 0.050407
0 0.936153 0.290244 0.067039 0.053659
7 0.669194 0.609756 0.011971 0.022764
7 0.454110 0.197561 0.009577 0.017886
5 0.672785 0.677236 0.014366 0.037398
5 0.394254 0.663415 0.025539 0.022764
4 0.541101 0.321951 0.027135 0.022764
4 0.543895 0.558537 0.029529 0.024390
4 0.938947 0.334959 0.029529 0.022764
0 0.571030 0.968908 0.026337 0.058824
0 0.127294 0.660504 0.055068 0.047059
0 0.124102 0.596639 0.051875 0.047059
4 0.112530 0.262185 0.009577 0.036975
4 0.126097 0.254622 0.009577 0.031933
0 0.688348 0.327731 0.056664 0.050420
0 0.810455 0.315126 0.048683 0.042017
0 0.822825 0.374790 0.055866 0.047059
0 0.897845 0.366387 0.060654 0.050420
