4 0.590583 0.290530 0.030327 0.025682
4 0.451317 0.593098 0.034318 0.030498
6 0.331205 0.029695 0.022346 0.059390
7 0.908220 0.210084 0.019154 0.020168
7 0.904230 0.196639 0.012769 0.016807
7 0.750200 0.653782 0.014366 0.020168
5 0.218276 0.667227 0.026337 0.020168
4 0.167997 0.260504 0.019952 0.033613
4 0.557462 0.305042 0.024741 0.021849
4 0.851157 0.379832 0.027933 0.023529
4 0.395850 0.639496 0.030327 0.021849
1 0.042698 0.605882 0.083799 0.062185
0 0.254190 0.585714 0.053472 0.048739
0 0.153631 0.589076 0.059856 0.042017
0 0.027933 0.661345 0.054270 0.048739
0 0.118117 0.661345 0.059058 0.048739
0 0.271349 0.644538 0.059058 0.048739
0 0.559058 0.885714 0.034318 0.107563
0 0.822027 0.542857 0.057462 0.053782
0 0.689545 0.314286 0.059058 0.050420
0 0.766560 0.310084 0.058260 0.045378
0 0.861133 0.298319 0.057462 0.045378
0 0.941341 0.289916 0.063049 0.045378
0 0.968077 0.362185 0.060654 0.048739
0 0.802075 0.376471 0.054270 0.043697
0 0.714286 0.388235 0.059058 0.050420
4 0.110136 0.254622 0.011173 0.038655
4 0.124102 0.249580 0.010375 0.031933
