7 0.903906 0.215741 0.013542 0.017593
7 0.858724 0.219907 0.008073 0.015741
7 0.861458 0.201389 0.010417 0.024074
5 0.457292 0.647685 0.019271 0.017593
4 0.572227 0.800840 0.014366 0.045378
4 0.308859 0.574790 0.031923 0.023529
4 0.163208 0.588235 0.031125 0.023529
4 0.113328 0.258824 0.014366 0.036975
4 0.127694 0.254622 0.009577 0.028571
4 0.314046 0.077311 0.013567 0.043697
4 0.339186 0.042017 0.014366 0.050420
0 0.966480 0.364706 0.062251 0.047059
0 0.820830 0.595798 0.048683 0.042017
0 0.762171 0.383193 0.051077 0.043697
0 0.616121 0.325210 0.059058 0.048739
0 0.351556 0.125210 0.031125 0.099160
0 0.343176 0.421849 0.062251 0.053782
0 0.276935 0.376471 0.044693 0.043697
0 0.183160 0.423529 0.051875 0.043697
0 0.022745 0.407563 0.043895 0.045378
0 0.398244 0.574790 0.057462 0.047059
0 0.278532 0.644538 0.047885 0.045378
0 0.037909 0.598319 0.058260 0.047059
0 0.275738 0.830252 0.058260 0.053782
0 0.545092 0.826050 0.031923 0.102521
0 0.563847 0.950420 0.031125 0.092437
