4 0.544693 0.795122 0.016760 0.055285
0 0.346369 0.060163 0.036712 0.110569
0 0.359138 0.190244 0.033520 0.110569
0 0.239425 0.584553 0.060654 0.053659
0 0.496409 0.595122 0.046289 0.107317
0 0.555866 0.727642 0.037510 0.112195
0 0.589385 0.888618 0.032721 0.099187
2 0.657622 0.639024 0.100559 0.214634
7 0.192338 0.296748 0.015962 0.027642
4 0.113328 0.259664 0.011173 0.038655
4 0.126496 0.254622 0.010375 0.031933
4 0.640862 0.939496 0.017558 0.053782
0 0.136472 0.591597 0.060654 0.047059
0 0.244613 0.647899 0.059856 0.048739
