7 0.986832 0.209470 0.011971 0.014446
7 0.925379 0.214286 0.011971 0.014446
4 0.845970 0.514446 0.028731 0.027287
5 0.748603 0.621188 0.023943 0.019262
4 0.339186 0.043089 0.015962 0.050407
7 0.922187 0.226891 0.011971 0.013445
7 0.988029 0.219328 0.015962 0.015126
4 0.665204 0.315126 0.027933 0.025210
4 0.333200 0.265546 0.015164 0.050420
4 0.114126 0.257143 0.011173 0.033613
4 0.128492 0.252941 0.009577 0.025210
4 0.227853 0.649580 0.029529 0.018487
4 0.286911 0.831092 0.019952 0.025210
4 0.572626 0.800840 0.013567 0.048739
0 0.352354 0.127731 0.031125 0.097479
1 0.398643 0.566387 0.058260 0.047059
0 0.531125 0.577311 0.053472 0.052101
0 0.545890 0.824370 0.033520 0.099160
0 0.565443 0.950420 0.032721 0.089076
0 0.624900 0.737815 0.028731 0.104202
0 0.668396 0.539496 0.056664 0.050420
0 0.716281 0.387395 0.051875 0.045378
0 0.808460 0.379832 0.060654 0.047059
0 0.913009 0.368067 0.062251 0.047059
0 0.876696 0.556303 0.053472 0.053782
