4 0.597366 0.304976 0.023144 0.035313
4 0.166401 0.689406 0.029529 0.027287
6 0.198324 0.333868 0.037510 0.038523
0 0.944134 0.289076 0.063847 0.047059
0 0.967678 0.363866 0.061453 0.048739
0 0.859537 0.300840 0.060654 0.050420
0 0.766161 0.307563 0.054270 0.043697
0 0.802474 0.377311 0.055068 0.045378
0 0.689146 0.314286 0.063049 0.050420
0 0.714286 0.389916 0.057462 0.047059
0 0.387470 0.257983 0.042298 0.102521
0 0.224262 0.589916 0.054270 0.043697
0 0.241820 0.649580 0.057462 0.045378
0 0.151636 0.588235 0.059058 0.047059
0 0.027534 0.663025 0.053472 0.045378
0 0.112131 0.663866 0.056664 0.043697
1 0.043097 0.604202 0.084597 0.058824
4 0.166800 0.262185 0.022346 0.033613
4 0.123304 0.248739 0.008779 0.030252
4 0.110934 0.254622 0.009577 0.035294
4 0.851556 0.383193 0.028731 0.020168
5 0.185555 0.663866 0.023144 0.020168
7 0.702713 0.228571 0.008779 0.020168
7 0.706305 0.239496 0.014366 0.015126
7 0.683958 0.987395 0.009577 0.021849
