4 0.182761 0.623596 0.030327 0.030498
4 0.170790 0.268908 0.017558 0.023529
7 0.162011 0.272269 0.012769 0.020168
4 0.112530 0.257983 0.011173 0.031933
0 0.708300 0.384034 0.051875 0.042017
0 0.673184 0.318487 0.064645 0.052101
5 0.666401 0.273109 0.025539 0.025210
0 0.359936 0.187395 0.031923 0.105882
0 0.170391 0.412605 0.058260 0.052101
0 0.238627 0.585714 0.051077 0.045378
0 0.240223 0.640336 0.055866 0.043697
0 0.179170 0.651261 0.059856 0.048739
0 0.110934 0.659664 0.052674 0.045378
0 0.031923 0.674790 0.062251 0.045378
0 0.058659 0.602521 0.053472 0.048739
1 0.153232 0.595798 0.068635 0.048739
4 0.125299 0.250420 0.009577 0.026891
