7 0.677083 0.222685 0.010417 0.019444
0 0.774219 0.535880 0.052604 0.050463
0 0.591797 0.327778 0.059635 0.047222
0 0.697135 0.383796 0.052083 0.049074
4 0.121745 0.443750 0.029427 0.022685
0 0.419792 0.930093 0.047917 0.075000
0 0.545052 0.799074 0.030208 0.099074
0 0.561849 0.937269 0.033594 0.095833
2 0.340755 0.092824 0.054427 0.181944
0 0.977214 0.358102 0.045573 0.045833
0 0.052674 0.605882 0.060654 0.045378
0 0.239425 0.393277 0.054270 0.050420
0 0.314445 0.582353 0.057462 0.048739
0 0.444932 0.626050 0.053472 0.048739
0 0.598164 0.556303 0.058260 0.050420
0 0.821628 0.373950 0.056664 0.048739
0 0.897446 0.365546 0.061453 0.048739
4 0.112131 0.258824 0.011971 0.036975
4 0.126496 0.256303 0.010375 0.031933
