4 0.403033 0.359350 0.027135 0.026016
7 0.950120 0.215447 0.019952 0.021138
0 0.358340 0.185366 0.033520 0.107317
0 0.466081 0.647154 0.036712 0.087805
1 0.152035 0.598374 0.072626 0.052033
1 0.595770 0.900813 0.047087 0.143089
1 0.557861 0.912195 0.038308 0.136585
4 0.587789 0.760976 0.015164 0.039024
0 0.780527 0.377311 0.054270 0.045378
0 0.045491 0.654622 0.054270 0.052101
0 0.169593 0.655462 0.061453 0.050420
0 0.239026 0.644538 0.056664 0.048739
0 0.235834 0.584874 0.051875 0.043697
4 0.110136 0.258824 0.011173 0.036975
4 0.123304 0.255462 0.010375 0.033613
1 0.327614 0.880672 0.055068 0.047059
