7 0.505188 0.208943 0.009577 0.017886
7 0.711093 0.704878 0.012769 0.021138
4 0.690742 0.347967 0.027933 0.022764
4 0.077414 0.379675 0.028731 0.021138
5 0.540702 0.670732 0.019952 0.017886
0 0.697526 0.382927 0.051077 0.047154
0 0.547885 0.813008 0.032721 0.100813
0 0.846768 0.558537 0.052674 0.050407
5 0.887470 0.602439 0.023943 0.021138
0 0.256584 0.843697 0.055068 0.050420
0 0.931764 0.289916 0.053472 0.042017
0 0.898643 0.365546 0.060654 0.048739
0 0.820830 0.374790 0.056664 0.047059
0 0.714286 0.308403 0.062251 0.048739
0 0.582602 0.605042 0.054270 0.047059
0 0.571828 0.548739 0.048683 0.048739
0 0.531125 0.344538 0.047087 0.047059
0 0.359936 0.373950 0.054270 0.052101
0 0.279330 0.586555 0.055866 0.047059
0 0.104150 0.594958 0.059856 0.050420
4 0.112530 0.257983 0.011173 0.031933
4 0.127294 0.253782 0.008779 0.026891
