4 0.801676 0.527287 0.027933 0.024077
4 0.627694 0.615570 0.026337 0.033708
5 0.388268 0.305882 0.023144 0.023529
5 0.513168 0.761345 0.020750 0.036975
4 0.167199 0.260504 0.023144 0.036975
0 0.495211 0.342857 0.061453 0.050420
0 0.601357 0.397479 0.051875 0.042017
0 0.626496 0.855462 0.035116 0.110924
0 0.590982 0.889076 0.034318 0.100840
0 0.557063 0.901681 0.035116 0.105882
0 0.531125 0.605882 0.053472 0.045378
0 0.386273 0.565546 0.049481 0.045378
0 0.388667 0.628571 0.059058 0.047059
0 0.251397 0.648739 0.051077 0.047059
0 0.110934 0.593277 0.052674 0.047059
0 0.063448 0.668908 0.058260 0.047059
1 0.219074 0.590756 0.067837 0.048739
5 0.328412 0.836134 0.026337 0.021849
4 0.110535 0.257143 0.011971 0.036975
4 0.125299 0.249580 0.009577 0.028571
