7 0.661719 0.836806 0.014583 0.027315
0 0.857143 0.542017 0.046289 0.052101
0 0.604150 0.946218 0.031923 0.097479
0 0.563847 0.948739 0.031125 0.092437
0 0.543895 0.823529 0.032721 0.100840
0 0.454509 0.841176 0.029529 0.109244
0 0.262570 0.634454 0.047885 0.045378
0 0.251397 0.571429 0.051077 0.047059
0 0.192737 0.649580 0.058260 0.052101
0 0.352354 0.122689 0.032721 0.100840
0 0.353551 0.868908 0.057462 0.067227
3 0.149242 0.586555 0.071828 0.053782
4 0.338787 0.040336 0.016760 0.047059
4 0.569433 0.760504 0.015164 0.045378
4 0.114126 0.255462 0.012769 0.036975
4 0.126097 0.250420 0.009577 0.033613
4 0.332801 0.263866 0.011173 0.047059
