5 0.128093 0.353933 0.031125 0.027287
4 0.168396 0.260504 0.023943 0.036975
4 0.124900 0.252101 0.010375 0.030252
4 0.110934 0.256303 0.009577 0.031933
4 0.066640 0.655462 0.031125 0.023529
4 0.120112 0.656303 0.029529 0.021849
4 0.204709 0.640336 0.029529 0.020168
4 0.302075 0.570588 0.032721 0.025210
4 0.411413 0.627731 0.029529 0.021849
5 0.511572 0.752101 0.020750 0.038655
5 0.320830 0.667227 0.025539 0.020168
1 0.695531 0.536975 0.063049 0.052101
0 0.944932 0.516807 0.052674 0.045378
0 0.627694 0.753782 0.031125 0.109244
0 0.591780 0.889076 0.034318 0.100840
0 0.558260 0.899160 0.034318 0.100840
0 0.588986 0.542857 0.049481 0.047059
0 0.586193 0.615966 0.055068 0.045378
0 0.445331 0.563025 0.063847 0.053782
0 0.348364 0.261345 0.024741 0.089076
0 0.310056 0.626891 0.056664 0.047059
0 0.109338 0.589916 0.054270 0.043697
