1 0.578212 0.804878 0.048683 0.136585
1 0.151237 0.597561 0.072626 0.053659
4 0.559457 0.947154 0.012769 0.053659
4 0.557861 0.621138 0.012769 0.045528
0 0.710694 0.383193 0.053472 0.043697
0 0.359138 0.185714 0.031923 0.105882
0 0.237829 0.643697 0.054270 0.047059
0 0.175180 0.654622 0.059856 0.048739
0 0.108939 0.662185 0.053472 0.047059
4 0.109737 0.257983 0.011971 0.035294
4 0.123703 0.254622 0.009577 0.028571
0 0.792897 0.305882 0.066241 0.050420
0 0.033919 0.605882 0.053472 0.048739
0 0.236233 0.585714 0.052674 0.045378
1 0.523943 0.728571 0.043895 0.129412
