2 0.301277 0.420546 0.130088 0.138042
0 0.800878 0.561345 0.053472 0.053782
0 0.449721 0.561345 0.053472 0.094118
0 0.607342 0.914286 0.035116 0.110924
0 0.258978 0.655462 0.053472 0.047059
0 0.286911 0.583193 0.059856 0.047059
0 0.427773 0.255462 0.043097 0.097479
1 0.559457 0.870588 0.041500 0.134454
3 0.392658 0.051261 0.039904 0.099160
4 0.111732 0.258824 0.012769 0.036975
4 0.125698 0.251261 0.010375 0.031933
6 0.337590 0.116807 0.020750 0.068908
7 0.646449 0.204202 0.011173 0.021849
7 0.447725 0.126891 0.009577 0.018487
7 0.451317 0.115126 0.010375 0.018487
