7 0.274940 0.272358 0.010375 0.021138
7 0.407422 0.856098 0.011971 0.024390
0 0.345172 0.061789 0.035914 0.104065
0 0.449322 0.296748 0.039904 0.099187
0 0.481245 0.613008 0.039904 0.081301
0 0.715882 0.600813 0.054270 0.073171
0 0.861532 0.533333 0.055068 0.052033
3 0.503591 0.499187 0.052674 0.126829
4 0.987231 0.526829 0.022346 0.029268
4 0.374701 0.023577 0.016760 0.047154
0 0.356345 0.185714 0.031125 0.102521
0 0.083400 0.360504 0.059856 0.045378
0 0.289306 0.426050 0.050279 0.055462
0 0.145650 0.589916 0.058260 0.047059
0 0.237031 0.586555 0.060654 0.047059
0 0.243017 0.647899 0.058260 0.048739
1 0.565842 0.766387 0.043097 0.121008
4 0.110934 0.257143 0.011173 0.033613
4 0.124102 0.252941 0.008779 0.028571
