4 0.297287 0.579454 0.029529 0.032103
4 0.164804 0.261637 0.026337 0.038523
0 0.711093 0.383740 0.057462 0.045528
0 0.675579 0.316807 0.063049 0.052101
0 0.333998 0.321008 0.047087 0.121008
0 0.557861 0.902521 0.033520 0.100840
0 0.591381 0.900000 0.035116 0.102521
0 0.442937 0.723529 0.033520 0.105882
0 0.343974 0.867227 0.057462 0.060504
0 0.259377 0.828571 0.060654 0.050420
0 0.236632 0.584034 0.053472 0.038655
0 0.056664 0.598319 0.054270 0.043697
0 0.030726 0.675630 0.059856 0.050420
0 0.108540 0.661345 0.052674 0.045378
0 0.176377 0.652941 0.060654 0.048739
0 0.239026 0.642857 0.055068 0.045378
1 0.151636 0.594958 0.068635 0.050420
4 0.062251 0.699160 0.031923 0.020168
4 0.110136 0.257143 0.011173 0.033613
4 0.124102 0.251261 0.011971 0.028571
5 0.525938 0.288235 0.025539 0.025210
