7 0.552275 0.228732 0.009577 0.017657
5 0.197925 0.661316 0.017558 0.022472
7 0.552275 0.195798 0.014366 0.031933
6 0.337590 0.119328 0.020750 0.070588
4 0.110535 0.256303 0.011971 0.035294
4 0.126097 0.252941 0.011173 0.028571
4 0.428172 0.224370 0.018356 0.048739
0 0.168795 0.364706 0.056664 0.043697
1 0.399840 0.089916 0.041500 0.122689
0 0.316042 0.401681 0.052674 0.057143
0 0.286911 0.582353 0.059856 0.048739
0 0.261373 0.656303 0.053472 0.052101
0 0.543496 0.826891 0.033520 0.097479
0 0.564645 0.952101 0.032721 0.085714
