0 0.486458 0.445139 0.042708 0.091204
0 0.301693 0.852083 0.044531 0.052315
0 0.359138 0.185714 0.033520 0.105882
0 0.412211 0.181513 0.039106 0.100840
0 0.561453 0.922689 0.034318 0.100840
0 0.532322 0.621008 0.038308 0.099160
0 0.488827 0.636134 0.042298 0.092437
0 0.709497 0.384034 0.054270 0.042017
0 0.329609 0.437815 0.047885 0.058824
0 0.203113 0.418487 0.059856 0.050420
0 0.239425 0.642857 0.055866 0.045378
0 0.237430 0.584034 0.053472 0.045378
0 0.058659 0.597479 0.055068 0.042017
0 0.109737 0.659664 0.053472 0.042017
0 0.031923 0.674790 0.059058 0.048739
0 0.176776 0.652941 0.059856 0.048739
1 0.151636 0.596639 0.068635 0.050420
0 0.675180 0.317647 0.065443 0.053782
4 0.207502 0.317647 0.023943 0.036975
4 0.110535 0.255462 0.011971 0.036975
4 0.053871 0.637815 0.031125 0.018487
4 0.384278 0.882353 0.023144 0.033613
4 0.424980 0.971429 0.023144 0.040336
5 0.912610 0.267227 0.027933 0.026891
4 0.124501 0.252101 0.011173 0.026891
