7 0.749401 0.641176 0.012769 0.021849
6 0.338388 0.117647 0.023943 0.067227
4 0.456903 0.747899 0.011971 0.050420
4 0.121708 0.309244 0.023144 0.036975
4 0.124501 0.252101 0.011173 0.030252
0 0.557462 0.885714 0.032721 0.107563
0 0.596568 0.907563 0.034318 0.090756
0 0.622506 0.773109 0.025539 0.104202
0 0.090982 0.451261 0.052674 0.045378
0 0.093376 0.384034 0.057462 0.045378
0 0.279330 0.585714 0.059058 0.045378
0 0.299681 0.358824 0.055068 0.045378
0 0.392658 0.417647 0.057462 0.042017
0 0.604948 0.389916 0.055866 0.050420
0 0.697526 0.321008 0.059058 0.043697
0 0.826816 0.368908 0.055866 0.048739
4 0.110136 0.255462 0.011173 0.033613
