0 0.550678 0.695122 0.039904 0.105691
0 0.548683 0.844715 0.037510 0.115447
1 0.505188 0.514634 0.051077 0.128455
4 0.468875 0.318699 0.013567 0.042276
4 0.466081 0.637398 0.022346 0.042276
0 0.710295 0.383193 0.052674 0.043697
0 0.679968 0.318487 0.062251 0.055462
0 0.357941 0.185714 0.031125 0.105882
0 0.235834 0.584874 0.051875 0.043697
0 0.238627 0.642017 0.054270 0.043697
0 0.176377 0.652941 0.060654 0.048739
0 0.108140 0.660504 0.053472 0.047059
0 0.051476 0.602521 0.055068 0.048739
0 0.030327 0.674790 0.059058 0.052101
0 0.433759 0.342017 0.042298 0.119328
1 0.151636 0.598319 0.068635 0.050420
4 0.109338 0.255462 0.011173 0.033613
4 0.123304 0.252101 0.010375 0.030252
