4 0.166401 0.262440 0.024741 0.040128
4 0.347965 0.658106 0.030327 0.028892
0 0.709497 0.384034 0.054270 0.042017
0 0.667598 0.318487 0.063049 0.052101
0 0.590184 0.891597 0.032721 0.099160
0 0.557063 0.902521 0.035116 0.100840
0 0.243416 0.584034 0.051077 0.042017
0 0.274541 0.635294 0.055866 0.050420
0 0.195132 0.649580 0.059856 0.052101
0 0.112530 0.658824 0.054270 0.043697
0 0.031923 0.673950 0.059058 0.047059
0 0.059457 0.600000 0.053472 0.047059
1 0.151237 0.595798 0.069433 0.052101
1 0.404230 0.930252 0.064645 0.085714
4 0.374302 0.565546 0.025539 0.021849
5 0.488029 0.294118 0.024741 0.020168
5 0.597765 0.818487 0.015962 0.040336
5 0.334397 0.844538 0.028731 0.025210
4 0.110136 0.256303 0.012769 0.038655
4 0.124900 0.247059 0.008779 0.026891
