5 0.208699 0.658909 0.021548 0.020867
7 0.629689 0.252941 0.009577 0.025210
7 0.622107 0.231092 0.007183 0.015126
7 0.626097 0.213445 0.011971 0.020168
6 0.361931 0.560504 0.023144 0.068908
4 0.111732 0.256303 0.009577 0.035294
4 0.126097 0.252101 0.009577 0.033613
0 0.262171 0.653782 0.051875 0.043697
0 0.287310 0.581513 0.059058 0.047059
0 0.370311 0.252941 0.031923 0.102521
0 0.424182 0.528571 0.037510 0.109244
0 0.544693 0.828571 0.032721 0.100840
0 0.564246 0.952941 0.031923 0.090756
4 0.686752 0.299160 0.027933 0.016807
