7 0.795703 0.214120 0.012760 0.020833
4 0.462500 0.603472 0.028125 0.025463
5 0.235807 0.657176 0.020052 0.020833
0 0.545182 0.826620 0.036719 0.108796
0 0.351556 0.122689 0.032721 0.100840
0 0.211492 0.591597 0.060654 0.050420
0 0.312051 0.647059 0.051077 0.047059
0 0.367119 0.573950 0.059058 0.048739
0 0.405028 0.936134 0.056664 0.087395
0 0.563847 0.951261 0.032721 0.090756
0 0.623703 0.315966 0.053472 0.043697
0 0.764565 0.295798 0.047885 0.043697
0 0.817638 0.372269 0.055068 0.045378
1 0.666401 0.376471 0.071828 0.057143
4 0.572227 0.802521 0.015962 0.048739
4 0.538308 0.616807 0.026337 0.020168
4 0.501197 0.316807 0.025539 0.021849
4 0.085794 0.595798 0.034318 0.025210
4 0.113328 0.256303 0.009577 0.035294
4 0.126895 0.250420 0.012769 0.026891
7 0.793296 0.232773 0.009577 0.015126
7 0.820431 0.197479 0.011173 0.015126
7 0.824022 0.203361 0.010375 0.020168
