5 0.207103 0.658909 0.024741 0.020867
7 0.672386 0.252006 0.011971 0.019262
0 0.032322 0.810569 0.058260 0.050407
7 0.666002 0.218487 0.011971 0.016807
7 0.660016 0.236975 0.009577 0.020168
6 0.426177 0.952941 0.023943 0.067227
4 0.613328 0.304202 0.029529 0.020168
4 0.113727 0.257143 0.011971 0.033613
4 0.126496 0.252941 0.010375 0.028571
0 0.564246 0.949580 0.030327 0.087395
0 0.544693 0.824370 0.032721 0.099160
0 0.409816 0.584874 0.027933 0.097479
0 0.402634 0.375630 0.035914 0.102521
0 0.263767 0.652941 0.051875 0.045378
0 0.287310 0.584874 0.059058 0.050420
0 0.067438 0.606723 0.064645 0.050420
3 0.349162 0.044538 0.035914 0.085714
