4 0.369513 0.335772 0.025539 0.024390
0 0.345571 0.060976 0.038308 0.108943
0 0.356744 0.187805 0.031923 0.105691
0 0.247805 0.585366 0.064645 0.048780
0 0.880686 0.367480 0.069433 0.052033
0 0.943735 0.289431 0.066241 0.055285
0 0.966480 0.368293 0.063847 0.053659
0 0.881484 0.521849 0.059856 0.052101
0 0.791700 0.380672 0.062251 0.052101
0 0.710295 0.385714 0.059058 0.045378
0 0.623703 0.784034 0.024741 0.092437
0 0.583001 0.869748 0.035914 0.109244
0 0.600559 0.970588 0.027933 0.055462
0 0.489625 0.557143 0.048683 0.048739
0 0.166800 0.394958 0.062251 0.053782
0 0.308061 0.643697 0.052674 0.047059
0 0.056265 0.600000 0.056664 0.047059
4 0.111333 0.259664 0.011971 0.035294
4 0.124501 0.253782 0.011173 0.030252
4 0.423384 0.757983 0.019952 0.040336
