0 0.179968 0.394309 0.055068 0.050407
0 0.675978 0.390244 0.051077 0.052033
0 0.585794 0.847967 0.033520 0.112195
0 0.545491 0.799187 0.034318 0.099187
0 0.561852 0.939837 0.031923 0.094309
7 0.843176 0.190244 0.015164 0.019512
4 0.114525 0.260163 0.010375 0.035772
2 0.340782 0.112195 0.057462 0.217886
0 0.917797 0.526891 0.051077 0.045378
0 0.900239 0.346218 0.051077 0.050420
0 0.775738 0.378992 0.059058 0.048739
0 0.195531 0.649580 0.060654 0.048739
7 0.990423 0.685714 0.015962 0.016807
4 0.127694 0.254622 0.009577 0.028571
