7 0.538308 0.241573 0.013567 0.027287
4 0.848763 0.382825 0.031125 0.027287
4 0.126496 0.252809 0.011971 0.033708
7 0.749800 0.652101 0.011971 0.020168
6 0.337191 0.115966 0.023144 0.067227
4 0.540702 0.625210 0.027933 0.020168
4 0.169194 0.258824 0.019154 0.030252
4 0.110535 0.256303 0.010375 0.035294
1 0.675978 0.541176 0.063847 0.047059
0 0.968077 0.363866 0.060654 0.048739
0 0.885874 0.303361 0.065443 0.048739
0 0.915403 0.524370 0.055866 0.047059
0 0.802873 0.377311 0.054270 0.045378
0 0.814046 0.586555 0.047885 0.047059
0 0.715084 0.389916 0.059058 0.050420
0 0.691141 0.605882 0.057462 0.048739
0 0.597765 0.907563 0.033520 0.090756
0 0.557861 0.884034 0.031923 0.107563
0 0.547087 0.335294 0.064645 0.052101
0 0.497606 0.556303 0.048683 0.043697
0 0.339585 0.568067 0.058260 0.053782
0 0.282522 0.643697 0.063847 0.053782
0 0.195930 0.589076 0.055068 0.045378
