0 0.627214 0.756250 0.029427 0.110648
5 0.509577 0.752941 0.019952 0.036975
5 0.369912 0.661345 0.026337 0.021849
4 0.627294 0.856303 0.014366 0.052101
4 0.168396 0.263866 0.019154 0.033613
4 0.126496 0.255462 0.013567 0.030252
4 0.110934 0.258824 0.012769 0.036975
0 0.809657 0.532773 0.051875 0.047059
0 0.686752 0.547899 0.048683 0.047059
0 0.547486 0.555462 0.052674 0.045378
0 0.590184 0.889916 0.034318 0.102521
0 0.555866 0.899160 0.034318 0.100840
0 0.170391 0.599160 0.053472 0.045378
0 0.059058 0.670588 0.062251 0.047059
