7 0.291276 0.020370 0.011198 0.030556
7 0.749401 0.652941 0.012769 0.018487
7 0.455706 0.204202 0.011173 0.025210
6 0.337989 0.116807 0.023144 0.072269
4 0.850359 0.382353 0.029529 0.021849
4 0.484437 0.626050 0.028731 0.018487
4 0.168795 0.258824 0.019952 0.036975
4 0.125299 0.252101 0.009577 0.026891
4 0.110934 0.257143 0.012769 0.033613
0 0.966879 0.362185 0.061453 0.045378
0 0.971668 0.300840 0.051875 0.047059
0 0.820032 0.305882 0.050279 0.043697
0 0.802474 0.377311 0.056664 0.048739
0 0.714286 0.389916 0.055866 0.050420
0 0.801277 0.526050 0.054270 0.047059
0 0.871109 0.581513 0.047087 0.043697
0 0.585395 0.615126 0.055068 0.047059
0 0.581804 0.551261 0.054270 0.050420
0 0.559058 0.887395 0.034318 0.104202
0 0.597366 0.905882 0.031125 0.087395
0 0.363927 0.394118 0.059058 0.052101
0 0.368316 0.565546 0.059856 0.048739
0 0.279729 0.642017 0.056664 0.043697
0 0.223464 0.585714 0.059058 0.045378
0 0.090184 0.661345 0.054270 0.045378
