7 0.891061 0.692683 0.015164 0.019512
4 0.338388 0.039496 0.014366 0.052101
4 0.331205 0.260504 0.012769 0.043697
0 0.350359 0.125210 0.031923 0.099160
0 0.268955 0.423529 0.047885 0.050420
0 0.178372 0.388235 0.045491 0.036975
0 0.849561 0.363025 0.059856 0.047059
0 0.251397 0.568908 0.051077 0.045378
0 0.472466 0.602521 0.049481 0.095798
0 0.261373 0.634454 0.051875 0.045378
0 0.190343 0.651261 0.056664 0.048739
3 0.146848 0.584874 0.071828 0.053782
1 0.068635 0.658824 0.097366 0.063866
4 0.112530 0.252941 0.009577 0.028571
4 0.125698 0.250420 0.010375 0.033613
