4 0.332813 0.262500 0.016146 0.059259
7 0.767448 0.710648 0.010417 0.019444
4 0.339585 0.043697 0.015164 0.047059
3 0.149641 0.587395 0.071030 0.055462
1 0.052275 0.663025 0.098164 0.068908
0 0.353152 0.128571 0.032721 0.102521
0 0.306065 0.443697 0.056664 0.063866
0 0.484038 0.435294 0.039106 0.094118
0 0.252993 0.573109 0.052674 0.043697
0 0.263368 0.634454 0.049481 0.045378
0 0.194733 0.650420 0.059058 0.050420
0 0.470072 0.594118 0.041500 0.085714
0 0.553871 0.869748 0.030327 0.085714
4 0.114525 0.257143 0.011971 0.033613
4 0.128492 0.252941 0.009577 0.028571
