7 0.683160 0.748780 0.014366 0.021138
4 0.339186 0.040336 0.017558 0.043697
4 0.568236 0.754622 0.014366 0.050420
3 0.149242 0.584874 0.073424 0.053782
0 0.446528 0.970588 0.045491 0.055462
0 0.602554 0.944538 0.031923 0.100840
0 0.563847 0.946218 0.031125 0.094118
0 0.543097 0.821008 0.034318 0.102521
0 0.262570 0.634454 0.047885 0.048739
0 0.193536 0.650420 0.056664 0.053782
0 0.252195 0.572269 0.049481 0.045378
0 0.351157 0.126050 0.031923 0.097479
4 0.113727 0.257143 0.010375 0.033613
4 0.127694 0.252941 0.009577 0.025210
4 0.332003 0.263025 0.011173 0.045378
