4 0.598164 0.306581 0.029529 0.032103
5 0.186353 0.661345 0.024741 0.018487
5 0.132083 0.690756 0.029529 0.023529
4 0.167598 0.263866 0.023943 0.033613
4 0.124900 0.254622 0.010375 0.028571
4 0.111333 0.256303 0.013567 0.035294
0 0.972067 0.358824 0.054270 0.048739
0 0.896648 0.295798 0.059856 0.043697
0 0.794493 0.305882 0.056664 0.047059
0 0.714286 0.388235 0.057462 0.047059
0 0.689545 0.314286 0.062251 0.053782
7 0.245012 0.296639 0.012769 0.021849
7 0.633679 0.219328 0.009577 0.018487
7 0.641261 0.221008 0.013567 0.015126
0 0.572227 0.749580 0.033520 0.107563
0 0.511173 0.655462 0.040702 0.097479
0 0.521548 0.570588 0.040702 0.092437
0 0.436552 0.309244 0.044693 0.107563
0 0.350359 0.191597 0.031923 0.107563
0 0.420591 0.531092 0.052674 0.080672
0 0.243815 0.414286 0.059856 0.055462
0 0.242219 0.649580 0.058260 0.048739
0 0.224661 0.589916 0.053472 0.043697
0 0.151636 0.587395 0.059058 0.052101
0 0.110934 0.661345 0.055866 0.048739
