7 0.942139 0.222311 0.015164 0.017657
7 0.943735 0.215088 0.011971 0.012841
4 0.841181 0.578652 0.027135 0.030498
4 0.572626 0.794543 0.016760 0.051364
4 0.338787 0.040336 0.015164 0.043697
4 0.114525 0.257983 0.011971 0.042017
4 0.127694 0.255462 0.011173 0.033613
4 0.333200 0.263025 0.010375 0.045378
3 0.350758 0.400840 0.069433 0.062185
0 0.049082 0.592437 0.055068 0.042017
0 0.218276 0.383193 0.053472 0.053782
0 0.352354 0.123529 0.029529 0.095798
0 0.545491 0.826050 0.032721 0.102521
0 0.564246 0.948739 0.031923 0.089076
0 0.615323 0.876471 0.031923 0.112605
0 0.671189 0.631092 0.051077 0.078992
0 0.711492 0.313445 0.061453 0.052101
0 0.715084 0.385714 0.051077 0.048739
0 0.806864 0.378151 0.059058 0.047059
0 0.893456 0.368067 0.061453 0.040336
0 0.967678 0.365546 0.053472 0.042017
1 0.912211 0.293277 0.070231 0.052101
