4 0.597366 0.302568 0.026337 0.030498
4 0.852354 0.379615 0.030327 0.030498
7 0.676776 0.894864 0.012769 0.030498
6 0.060654 0.368379 0.041500 0.040128
7 0.741820 0.226891 0.011971 0.013445
7 0.748603 0.234454 0.014366 0.021849
5 0.185954 0.661345 0.028731 0.018487
4 0.165603 0.259664 0.019952 0.038655
4 0.983240 0.246218 0.030327 0.028571
1 0.043895 0.605042 0.086193 0.063866
0 0.558659 0.884874 0.033520 0.105882
0 0.623703 0.533613 0.059856 0.065546
0 0.689146 0.311765 0.058260 0.052101
0 0.766560 0.307563 0.058260 0.047059
0 0.860734 0.300000 0.059856 0.048739
0 0.941341 0.289916 0.061453 0.048739
0 0.968476 0.363025 0.061453 0.047059
0 0.802873 0.378151 0.057462 0.047059
0 0.714286 0.389916 0.057462 0.043697
0 0.240623 0.650420 0.058260 0.043697
4 0.268156 0.678151 0.027135 0.025210
0 0.223464 0.589076 0.055866 0.048739
0 0.152434 0.589076 0.057462 0.045378
0 0.111333 0.661345 0.058260 0.045378
0 0.027135 0.661345 0.052674 0.045378
4 0.111333 0.257143 0.011971 0.033613
4 0.124501 0.251261 0.011173 0.028571
