7 0.746209 0.405691 0.012769 0.017886
4 0.543097 0.783740 0.016760 0.055285
4 0.429370 0.565854 0.027135 0.022764
4 0.237829 0.659350 0.023943 0.027642
5 0.377893 0.678862 0.021548 0.024390
0 0.064246 0.603252 0.064645 0.052033
0 0.046688 0.670732 0.056664 0.050407
0 0.363927 0.628455 0.054270 0.050407
0 0.563448 0.928455 0.035116 0.107317
4 0.115323 0.262185 0.010375 0.036975
4 0.128492 0.258824 0.009577 0.026891
4 0.470072 0.331933 0.028731 0.028571
0 0.138468 0.658824 0.055068 0.043697
1 0.177973 0.594118 0.068635 0.052101
