0 0.352344 0.165046 0.039062 0.125463
0 0.051042 0.605787 0.065625 0.050463
0 0.047005 0.670602 0.057552 0.050463
0 0.122135 0.661111 0.055729 0.047222
0 0.260156 0.652778 0.057292 0.053704
6 0.541536 0.678009 0.026302 0.071759
5 0.324349 0.680556 0.027865 0.024074
4 0.201823 0.663426 0.027083 0.025926
4 0.257422 0.588657 0.030990 0.022685
4 0.697135 0.321991 0.029687 0.022685
1 0.533464 0.530787 0.053385 0.121759
1 0.143655 0.597479 0.068635 0.052101
0 0.217877 0.414286 0.057462 0.048739
4 0.114525 0.262185 0.010375 0.033613
4 0.128093 0.256303 0.010375 0.028571
0 0.339984 0.033613 0.027135 0.063866
