0 0.343176 0.174797 0.031923 0.092683
0 0.463687 0.381301 0.039904 0.105691
5 0.328013 0.678862 0.025539 0.021138
7 0.306864 0.302439 0.016760 0.022764
4 0.677574 0.314634 0.030327 0.024390
4 0.940942 0.340650 0.031923 0.027642
0 0.335196 0.032773 0.030327 0.065546
0 0.696728 0.387395 0.051077 0.042017
0 0.750998 0.324370 0.055866 0.050420
0 0.820431 0.376471 0.057462 0.047059
0 0.869513 0.313445 0.051875 0.042017
0 0.895052 0.367227 0.061453 0.048739
0 0.939745 0.293277 0.066241 0.055462
4 0.112530 0.262185 0.011173 0.030252
4 0.126895 0.257143 0.009577 0.026891
