5 0.327215 0.678049 0.022346 0.019512
0 0.047486 0.668293 0.058260 0.048780
0 0.432163 0.677236 0.029529 0.099187
0 0.563847 0.929268 0.034318 0.108943
4 0.203911 0.661789 0.027933 0.026016
4 0.258978 0.588618 0.031125 0.026016
4 0.543097 0.782114 0.016760 0.055285
4 0.696728 0.319512 0.028731 0.030894
7 0.798883 0.403252 0.014366 0.022764
4 0.129689 0.257983 0.008779 0.025210
0 0.262171 0.649580 0.055068 0.052101
0 0.121708 0.661345 0.053472 0.045378
0 0.051077 0.604202 0.060654 0.045378
1 0.144453 0.596639 0.067039 0.050420
4 0.115323 0.263025 0.010375 0.031933
