0 0.050781 0.603935 0.063021 0.050463
0 0.046745 0.669213 0.054948 0.050463
0 0.261068 0.652778 0.059115 0.053704
4 0.256901 0.588657 0.033594 0.022685
4 0.203516 0.664352 0.025781 0.021296
4 0.786979 0.309722 0.027083 0.024074
5 0.327214 0.678241 0.023698 0.019444
4 0.128492 0.260504 0.009577 0.026891
0 0.340383 0.032773 0.029529 0.065546
0 0.351556 0.166387 0.040702 0.124370
4 0.114525 0.263025 0.010375 0.031933
0 0.164006 0.388235 0.056664 0.047059
0 0.596967 0.885714 0.033520 0.104202
0 0.559856 0.884874 0.031125 0.105882
0 0.121309 0.661345 0.055866 0.045378
1 0.144054 0.596639 0.067837 0.053782
