0 0.200718 0.448780 0.056664 0.042276
0 0.535914 0.560976 0.056664 0.045528
0 0.597366 0.883740 0.034318 0.105691
1 0.219074 0.369919 0.064645 0.053659
0 0.759377 0.543697 0.053472 0.048739
0 0.733839 0.614286 0.045491 0.042017
0 0.575020 0.619328 0.053472 0.045378
0 0.564246 0.914286 0.031923 0.104202
0 0.322825 0.852101 0.050279 0.053782
0 0.303272 0.585714 0.055866 0.045378
1 0.958899 0.592437 0.069433 0.055462
1 0.752594 0.378151 0.057462 0.047059
4 0.116121 0.262185 0.010375 0.036975
4 0.131285 0.255462 0.010375 0.026891
