4 0.948125 0.590244 0.023943 0.026016
4 0.576616 0.791870 0.013567 0.052033
4 0.330806 0.665854 0.029529 0.021138
4 0.118117 0.263415 0.011173 0.035772
3 0.337191 0.067480 0.042298 0.131707
3 0.835994 0.380488 0.075818 0.058537
0 0.723464 0.386179 0.063049 0.047154
0 0.675978 0.635772 0.051077 0.087805
4 0.130886 0.257983 0.011173 0.031933
4 0.349960 0.193277 0.015164 0.053782
0 0.958101 0.373950 0.063049 0.045378
0 0.974860 0.509244 0.047087 0.043697
0 0.625698 0.834454 0.033520 0.105882
0 0.590184 0.901681 0.034318 0.109244
