4 0.543097 0.782114 0.015164 0.058537
5 0.330806 0.677236 0.027933 0.021138
7 0.691540 0.747154 0.008779 0.017886
0 0.588188 0.839024 0.035116 0.110569
0 0.563847 0.926016 0.035914 0.108943
0 0.705108 0.356098 0.056664 0.052033
7 0.008779 0.323577 0.015962 0.019512
0 0.610535 0.963866 0.028731 0.068908
0 0.091780 0.432773 0.051077 0.045378
0 0.308061 0.365546 0.055866 0.045378
4 0.114924 0.259664 0.011173 0.035294
4 0.128093 0.257143 0.010375 0.033613
0 0.336393 0.035294 0.027933 0.070588
0 0.343176 0.175630 0.031923 0.092437
