4 0.258594 0.584491 0.033333 0.024537
4 0.204297 0.661111 0.027344 0.027778
0 0.353125 0.165741 0.039062 0.126852
0 0.522005 0.345602 0.062240 0.050463
0 0.975651 0.532407 0.045573 0.047222
0 0.862330 0.371429 0.059856 0.047059
0 0.713887 0.389076 0.058260 0.048739
0 0.596169 0.883193 0.033520 0.102521
0 0.563847 0.911765 0.032721 0.105882
0 0.262171 0.649580 0.053472 0.048739
1 0.570630 0.434454 0.057462 0.075630
0 0.975658 0.360504 0.047087 0.045378
0 0.342378 0.032773 0.028731 0.065546
4 0.116919 0.263866 0.010375 0.033613
4 0.129689 0.257143 0.010375 0.033613
