6 0.471224 0.434954 0.026302 0.063426
5 0.324740 0.681250 0.023958 0.016204
4 0.699609 0.321991 0.027865 0.022685
4 0.257031 0.588657 0.028646 0.022685
4 0.201823 0.662731 0.022396 0.024537
0 0.350359 0.165546 0.039904 0.126050
0 0.049880 0.606723 0.061453 0.050420
0 0.045890 0.670588 0.055068 0.047059
0 0.118516 0.661345 0.055068 0.045378
0 0.260176 0.649580 0.055866 0.052101
1 0.143256 0.597479 0.067837 0.052101
4 0.114126 0.263025 0.011173 0.035294
4 0.128093 0.258824 0.010375 0.026891
0 0.340383 0.031933 0.029529 0.063866
