5 0.624900 0.658537 0.023943 0.019512
4 0.883081 0.591870 0.024741 0.022764
4 0.543895 0.782114 0.016760 0.055285
4 0.243815 0.591057 0.031125 0.021138
0 0.596169 0.549593 0.057462 0.048780
0 0.783320 0.595122 0.053472 0.048780
0 0.598962 0.900000 0.034318 0.108943
0 0.564645 0.928455 0.034318 0.110569
0 0.126895 0.598319 0.051077 0.043697
0 0.151237 0.653782 0.059856 0.047059
0 0.278532 0.648739 0.054270 0.047059
0 0.412610 0.573109 0.052674 0.047059
0 0.441740 0.630252 0.050279 0.050420
1 0.802873 0.528571 0.062251 0.052101
4 0.115323 0.263866 0.010375 0.033613
4 0.128492 0.256303 0.009577 0.028571
