0 0.353125 0.167593 0.040625 0.126852
0 0.462109 0.575000 0.042969 0.079630
0 0.038802 0.436574 0.059896 0.047222
0 0.263021 0.651389 0.058333 0.053704
5 0.326302 0.678241 0.025521 0.019444
4 0.203125 0.661806 0.026562 0.026389
4 0.257422 0.587037 0.030990 0.025926
4 0.698698 0.321991 0.028125 0.029167
4 0.115323 0.262185 0.010375 0.030252
4 0.129290 0.258824 0.009577 0.030252
0 0.223065 0.403361 0.056664 0.047059
0 0.051875 0.604202 0.062251 0.045378
0 0.046289 0.668908 0.055866 0.047059
0 0.122107 0.658824 0.052674 0.043697
0 0.342777 0.033613 0.027933 0.067227
1 0.145251 0.596639 0.068635 0.050420
