0 0.528776 0.496759 0.054948 0.083333
0 0.624089 0.410417 0.055990 0.056944
0 0.353125 0.165741 0.040625 0.126852
0 0.261328 0.649537 0.056510 0.053704
0 0.562240 0.896759 0.032813 0.105556
0 0.597005 0.885417 0.033594 0.106019
4 0.410938 0.374769 0.027083 0.027315
4 0.257422 0.587963 0.029427 0.027778
4 0.205599 0.661806 0.024740 0.022685
1 0.454036 0.733333 0.032031 0.103704
1 0.088932 0.603241 0.074219 0.051852
5 0.023177 0.700926 0.028646 0.025926
0 0.979649 0.367227 0.039106 0.045378
0 0.341181 0.033613 0.031125 0.063866
0 0.845172 0.375630 0.057462 0.048739
0 0.333200 0.864706 0.048683 0.062185
4 0.115722 0.263866 0.009577 0.033613
4 0.129290 0.257143 0.007981 0.030252
