5 0.324349 0.680556 0.027865 0.021296
4 0.203125 0.663426 0.028125 0.023148
4 0.255859 0.587963 0.029427 0.027778
4 0.699609 0.321065 0.027865 0.031019
1 0.144141 0.596065 0.072656 0.050463
0 0.261328 0.650463 0.056510 0.055556
0 0.524349 0.705787 0.041406 0.097685
0 0.576172 0.759491 0.033594 0.104167
4 0.128093 0.258824 0.010375 0.026891
0 0.351556 0.164706 0.039106 0.124370
0 0.341580 0.035294 0.027135 0.067227
0 0.119314 0.660504 0.055068 0.047059
0 0.045890 0.668908 0.055068 0.047059
0 0.049880 0.604202 0.059856 0.048739
4 0.114525 0.262185 0.010375 0.036975
0 0.565044 0.959664 0.030327 0.077311
