0 0.052674 0.604065 0.062251 0.053659
0 0.396249 0.456911 0.042298 0.123577
0 0.390263 0.265854 0.035116 0.086179
5 0.325619 0.678862 0.022346 0.021138
4 0.203113 0.661789 0.026337 0.026016
4 0.258180 0.586992 0.031125 0.022764
4 0.334796 0.125203 0.016760 0.055285
4 0.698723 0.320325 0.027933 0.026016
4 0.543097 0.786179 0.016760 0.056911
4 0.693136 0.627642 0.023144 0.039024
4 0.115323 0.262185 0.010375 0.033613
4 0.128891 0.256303 0.008779 0.028571
0 0.261373 0.649580 0.056664 0.052101
0 0.121708 0.660504 0.053472 0.043697
0 0.046688 0.669748 0.055068 0.045378
1 0.144054 0.597479 0.067837 0.052101
