4 0.577015 0.789431 0.014366 0.050407
4 0.117717 0.660976 0.039106 0.027642
0 0.298484 0.578049 0.051077 0.050407
0 0.746608 0.386992 0.061453 0.048780
0 0.742219 0.533333 0.059058 0.048780
0 0.636073 0.718699 0.038308 0.097561
0 0.590184 0.898374 0.037510 0.108943
0 0.303272 0.854472 0.052674 0.056911
4 0.351157 0.189916 0.015962 0.050420
3 0.847965 0.380672 0.074222 0.055462
3 0.338388 0.066387 0.039904 0.132773
0 0.968077 0.373950 0.060654 0.045378
0 0.446528 0.591597 0.058260 0.043697
6 0.383081 0.646218 0.036712 0.048739
0 0.313248 0.395798 0.051875 0.052101
0 0.531923 0.559664 0.050279 0.047059
0 0.096967 0.611765 0.051875 0.047059
4 0.118117 0.260504 0.011173 0.030252
4 0.132083 0.256303 0.008779 0.028571
