1 0.146484 0.596065 0.071094 0.050463
5 0.151953 0.681250 0.024740 0.022685
4 0.259766 0.586111 0.027865 0.027778
4 0.205990 0.661806 0.023958 0.019907
0 0.456120 0.883796 0.029427 0.105556
0 0.561458 0.887037 0.032813 0.105556
0 0.598177 0.884722 0.034375 0.107407
0 0.465234 0.676389 0.036719 0.103704
0 0.573047 0.434259 0.055990 0.064815
0 0.352734 0.165972 0.039844 0.130093
0 0.263021 0.651157 0.058333 0.056944
0 0.030339 0.606481 0.059115 0.049074
0 0.342378 0.033613 0.028731 0.067227
0 0.894653 0.307563 0.052674 0.047059
0 0.758180 0.385714 0.052674 0.045378
4 0.116520 0.263866 0.011173 0.033613
4 0.129689 0.257983 0.008779 0.031933
0 0.365922 0.887395 0.048683 0.063866
