0 0.255729 0.650463 0.055208 0.055556
0 0.597396 0.883796 0.034375 0.105556
0 0.655990 0.612963 0.052604 0.097222
4 0.211849 0.588657 0.032552 0.022685
4 0.144922 0.663426 0.027865 0.023148
0 0.022396 0.437500 0.043229 0.045370
4 0.116121 0.261345 0.010375 0.035294
4 0.130487 0.255462 0.010375 0.026891
1 0.738627 0.378992 0.058260 0.045378
0 0.353152 0.164706 0.039106 0.124370
0 0.836792 0.377311 0.059856 0.048739
0 0.945331 0.363866 0.061453 0.048739
0 0.563847 0.911765 0.031125 0.105882
0 0.342378 0.032773 0.028731 0.065546
