4 0.351955 0.193496 0.014366 0.045528
4 0.576217 0.790244 0.012769 0.052033
4 0.788907 0.523577 0.023144 0.022764
3 0.869912 0.378862 0.078212 0.055285
4 0.980846 0.513821 0.028731 0.026016
0 0.039505 0.434959 0.053472 0.047154
0 0.158021 0.321138 0.052674 0.043902
0 0.590184 0.903252 0.037510 0.105691
0 0.748603 0.384553 0.062251 0.047154
3 0.337590 0.066667 0.039904 0.130081
4 0.117717 0.261345 0.010375 0.031933
4 0.131684 0.254622 0.009577 0.028571
0 0.836393 0.588235 0.051077 0.047059
0 0.612530 0.547059 0.045491 0.045378
0 0.636073 0.734454 0.033520 0.100840
0 0.318037 0.842857 0.059856 0.052101
0 0.350758 0.636134 0.056664 0.045378
0 0.381484 0.566387 0.055866 0.047059
0 0.075020 0.603361 0.062251 0.047059
0 0.975658 0.371429 0.045491 0.047059
