4 0.698698 0.321065 0.029687 0.024537
4 0.203516 0.661806 0.025781 0.026389
5 0.324740 0.679861 0.025521 0.022685
0 0.182031 0.405556 0.047917 0.047222
0 0.352734 0.165741 0.038281 0.126852
0 0.527083 0.730093 0.040625 0.103704
0 0.340782 0.033613 0.028731 0.067227
0 0.050279 0.604202 0.062251 0.048739
0 0.045491 0.670588 0.055866 0.047059
0 0.120112 0.661345 0.056664 0.045378
0 0.261772 0.650420 0.055866 0.050420
1 0.142857 0.595798 0.067039 0.052101
4 0.256584 0.589076 0.029529 0.018487
4 0.114924 0.263866 0.011173 0.033613
4 0.128492 0.259664 0.009577 0.028571
