7 0.268955 0.803252 0.011173 0.026016
7 0.832003 0.362602 0.011971 0.026016
7 0.800080 0.357724 0.011971 0.022764
7 0.731445 0.223577 0.011971 0.021138
7 0.715882 0.226829 0.011173 0.024390
7 0.326417 0.258537 0.015962 0.026016
7 0.303671 0.238211 0.021548 0.024390
7 0.260176 0.273984 0.014366 0.021138
7 0.363927 0.047154 0.014366 0.032520
7 0.060654 0.250407 0.020750 0.022764
7 0.021947 0.251220 0.011971 0.024390
7 0.380287 0.227642 0.016760 0.022764
7 0.862729 0.633333 0.017558 0.024390
0 0.019154 0.326829 0.038308 0.045528
0 0.252195 0.421951 0.054270 0.047154
0 0.279330 0.275610 0.028731 0.099187
0 0.112131 0.630894 0.061453 0.048780
0 0.043097 0.630081 0.052674 0.047154
0 0.275339 0.956098 0.028731 0.081301
0 0.364725 0.894309 0.033520 0.094309
0 0.638069 0.571545 0.056664 0.050407
0 0.456504 0.073171 0.027135 0.110569
1 0.374302 0.665854 0.047885 0.115447
4 0.341979 0.863415 0.018356 0.039024
0 0.385076 0.033708 0.026337 0.057785
7 0.264565 0.672269 0.011971 0.020168
0 0.282123 0.867227 0.032721 0.097479
0 0.197526 0.492437 0.059856 0.047059
0 0.828811 0.332773 0.069433 0.050420
7 0.507582 0.148739 0.009577 0.021849
