7 0.372005 0.130093 0.011198 0.025926
7 0.314844 0.230787 0.011979 0.022685
7 0.414193 0.712269 0.011198 0.016204
7 0.738542 0.618750 0.011979 0.024537
7 0.720313 0.470833 0.011979 0.027778
7 0.721875 0.222685 0.013542 0.019444
7 0.737760 0.222917 0.010417 0.022685
0 0.112630 0.635648 0.060677 0.051852
0 0.284505 0.868981 0.024740 0.079630
0 0.276432 0.957639 0.024740 0.071759
0 0.367188 0.897685 0.027083 0.100926
0 0.551042 0.634259 0.039062 0.094444
0 0.641667 0.575463 0.058854 0.045370
0 0.783724 0.566667 0.060677 0.050000
0 0.817578 0.414583 0.067969 0.048611
0 0.461198 0.039120 0.023958 0.074537
2 0.450000 0.211343 0.076042 0.237500
1 0.045833 0.534954 0.067708 0.042130
6 0.348828 0.501620 0.032031 0.056944
4 0.652083 0.488657 0.028646 0.020833
4 0.314063 0.846528 0.015104 0.050463
7 0.261772 0.306723 0.011173 0.025210
7 0.200319 0.318487 0.015962 0.021849
5 0.560654 0.564706 0.024741 0.023529
0 0.045092 0.636975 0.056664 0.043697
0 0.835595 0.328571 0.068635 0.052101
0 0.541500 0.432773 0.047087 0.068908
7 0.510774 0.143697 0.011173 0.018487
7 0.260176 0.259664 0.011173 0.018487
