7 0.162410 0.287805 0.013567 0.019512
7 0.227853 0.309756 0.015164 0.027642
7 0.315642 0.301626 0.011971 0.017886
7 0.367119 0.163415 0.014366 0.024390
7 0.504789 0.144715 0.011971 0.019512
7 0.711093 0.229268 0.011173 0.019512
7 0.726656 0.226829 0.018356 0.021138
0 0.108939 0.630894 0.063049 0.048780
0 0.043496 0.634959 0.050279 0.053659
0 0.273344 0.954472 0.026337 0.081301
0 0.528332 0.497561 0.055866 0.042276
0 0.483240 0.334959 0.027933 0.087805
0 0.554270 0.100813 0.032721 0.100813
0 0.652035 0.490244 0.060654 0.050407
0 0.635275 0.571545 0.054270 0.053659
0 0.277733 0.274797 0.027135 0.104065
0 0.384278 0.036918 0.023144 0.064205
0 0.779330 0.506723 0.051875 0.048739
0 0.327215 0.644538 0.025539 0.095798
0 0.281325 0.863025 0.029529 0.092437
0 0.021149 0.331092 0.039106 0.040336
7 0.024342 0.253782 0.013567 0.026891
7 0.081006 0.625210 0.007183 0.023529
