7 0.713887 0.229268 0.008779 0.019512
7 0.727454 0.226829 0.015164 0.014634
7 0.505188 0.147967 0.011173 0.022764
7 0.360734 0.202439 0.011173 0.017886
7 0.314046 0.300813 0.011971 0.019512
7 0.227454 0.313008 0.011173 0.017886
7 0.022346 0.251220 0.014366 0.017886
7 0.029529 0.674797 0.014366 0.026016
0 0.043895 0.632520 0.051077 0.045528
0 0.136872 0.410569 0.051875 0.047154
0 0.369912 0.384553 0.042298 0.095935
0 0.503192 0.514634 0.056664 0.069919
0 0.634078 0.573171 0.056664 0.043902
0 0.698723 0.388618 0.053472 0.052033
0 0.273743 0.956911 0.025539 0.082927
0 0.384278 0.036116 0.027933 0.065811
0 0.606145 0.500000 0.056664 0.045378
0 0.314445 0.511765 0.055866 0.045378
0 0.280128 0.273950 0.031923 0.094118
0 0.470471 0.256303 0.026337 0.092437
0 0.110934 0.631092 0.067039 0.045378
0 0.020750 0.330252 0.036712 0.042017
7 0.136472 0.284034 0.012769 0.020168
0 0.281724 0.862185 0.028731 0.090756
7 0.077414 0.628571 0.009577 0.030252
1 0.811652 0.494958 0.130886 0.068908
3 0.557462 0.120168 0.032721 0.122689
