7 0.717079 0.230081 0.013567 0.021138
7 0.733041 0.227642 0.010375 0.022764
7 0.060255 0.248780 0.021548 0.019512
7 0.022745 0.249593 0.015164 0.017886
0 0.244613 0.509756 0.047087 0.040650
0 0.110136 0.633333 0.057462 0.047154
0 0.459697 0.154472 0.027135 0.110569
0 0.628093 0.504878 0.047885 0.040650
0 0.935754 0.436585 0.056664 0.043902
0 0.363528 0.900000 0.031125 0.099187
0 0.276137 0.956098 0.031923 0.081301
1 0.181564 0.500000 0.058260 0.043902
1 0.385076 0.343089 0.035914 0.100813
1 0.476856 0.295935 0.040702 0.123577
1 0.818037 0.498374 0.070231 0.050407
3 0.786911 0.415447 0.076616 0.060163
4 0.873903 0.391870 0.031923 0.026016
4 0.375499 0.629268 0.018356 0.052033
0 0.281724 0.868067 0.028731 0.089076
0 0.043496 0.636134 0.056664 0.042017
0 0.019952 0.330252 0.038308 0.045378
0 0.385076 0.505042 0.048683 0.045378
0 0.535515 0.487395 0.057462 0.043697
0 0.637271 0.572269 0.055068 0.048739
0 0.650439 0.423529 0.060654 0.043697
0 0.831205 0.332773 0.066241 0.047059
7 0.836792 0.364706 0.013567 0.020168
7 0.825219 0.369748 0.012769 0.026891
7 0.701915 0.325210 0.011971 0.025210
7 0.508380 0.144538 0.009577 0.020168
7 0.331205 0.221849 0.014366 0.020168
7 0.319234 0.223529 0.007981 0.020168
