7 0.315234 0.303241 0.011198 0.021296
7 0.356641 0.209954 0.014323 0.016204
7 0.713021 0.229398 0.010417 0.022685
7 0.728646 0.225231 0.014583 0.027315
7 0.687109 0.574074 0.009635 0.025926
7 0.812760 0.599306 0.013542 0.031019
7 0.597005 0.689352 0.011198 0.025926
7 0.107292 0.681250 0.013542 0.016204
7 0.097396 0.668287 0.017708 0.019907
0 0.022396 0.331713 0.043229 0.048611
0 0.047135 0.630787 0.051042 0.042130
0 0.282943 0.862731 0.030990 0.089352
0 0.817969 0.419444 0.047917 0.042593
6 0.712240 0.403241 0.035937 0.038889
6 0.521615 0.405556 0.039062 0.040741
0 0.385026 0.034491 0.026302 0.062500
0 0.273344 0.954622 0.031125 0.084034
0 0.307662 0.957143 0.029529 0.075630
0 0.112530 0.631933 0.060654 0.047059
0 0.280527 0.274790 0.031125 0.095798
0 0.929769 0.418487 0.059058 0.043697
0 0.634876 0.571429 0.053472 0.047059
0 0.491620 0.496639 0.055866 0.062185
7 0.228252 0.310924 0.014366 0.020168
7 0.024342 0.250420 0.015164 0.020168
4 0.361133 0.828571 0.015164 0.050420
1 0.418595 0.193277 0.035914 0.134454
0 0.702713 0.488235 0.051875 0.045378
0 0.638069 0.421849 0.045491 0.040336
7 0.506385 0.150420 0.011971 0.021849
