7 0.286113 0.709756 0.011971 0.027642
7 0.386672 0.182927 0.011971 0.021138
7 0.365523 0.233333 0.012769 0.024390
7 0.121708 0.308130 0.015164 0.021138
7 0.110535 0.280488 0.019952 0.021138
7 0.712690 0.230081 0.014366 0.021138
7 0.727853 0.229268 0.014366 0.022764
7 0.870311 0.631707 0.011971 0.027642
7 0.900239 0.278049 0.012769 0.026016
0 0.780527 0.504065 0.054270 0.048780
0 0.584996 0.101626 0.025539 0.089431
0 0.470072 0.319512 0.028731 0.108943
0 0.286512 0.504878 0.051077 0.040650
0 0.026337 0.401626 0.051077 0.039024
0 0.375499 0.666667 0.045491 0.104065
0 0.022346 0.334146 0.043097 0.037398
0 0.113328 0.633333 0.059058 0.043902
0 0.046289 0.637398 0.049481 0.039024
0 0.280128 0.279675 0.031923 0.094309
0 0.350359 0.801626 0.028731 0.074797
0 0.276536 0.956911 0.027933 0.082927
0 0.365523 0.891870 0.036712 0.099187
6 0.474062 0.572358 0.036712 0.035772
5 0.398643 0.206504 0.011971 0.039024
5 0.795690 0.382114 0.022346 0.013008
0 0.385076 0.038523 0.026337 0.073836
0 0.118516 0.428571 0.056664 0.040336
6 0.037510 0.517647 0.046289 0.036975
0 0.407821 0.332773 0.030327 0.097479
0 0.828013 0.336975 0.066241 0.048739
0 0.636472 0.573109 0.055068 0.050420
6 0.440942 0.495798 0.040702 0.036975
7 0.506385 0.152941 0.011971 0.016807
7 0.317638 0.286555 0.014366 0.025210
7 0.023943 0.256303 0.015962 0.018487
0 0.283320 0.868908 0.030327 0.087395
