7 0.025260 0.248843 0.011979 0.022685
7 0.229818 0.309722 0.014323 0.030556
7 0.314453 0.302546 0.011198 0.022685
7 0.359245 0.212269 0.011198 0.024537
7 0.714974 0.230093 0.011198 0.017593
7 0.728776 0.221991 0.012760 0.020833
7 0.696354 0.479630 0.015104 0.025926
7 0.154036 0.696065 0.015885 0.022685
7 0.758984 0.613889 0.014323 0.021296
0 0.379427 0.638194 0.039062 0.099537
0 0.776563 0.430093 0.047917 0.043519
0 0.916276 0.424537 0.050260 0.043519
6 0.825521 0.401620 0.037500 0.035648
0 0.385026 0.032870 0.024740 0.062963
6 0.701516 0.408403 0.038308 0.040336
0 0.631684 0.489916 0.053472 0.042017
0 0.634876 0.570588 0.055068 0.048739
0 0.348763 0.583193 0.043097 0.094118
0 0.280128 0.271429 0.031923 0.089076
7 0.152833 0.674790 0.013567 0.018487
0 0.273344 0.951261 0.031125 0.084034
0 0.021947 0.330252 0.040702 0.045378
0 0.281724 0.861345 0.030327 0.095798
0 0.112530 0.627731 0.060654 0.048739
0 0.045491 0.631092 0.054270 0.042017
7 0.505587 0.148739 0.010375 0.018487
