7 0.054270 0.248780 0.012769 0.019512
7 0.262171 0.306504 0.011971 0.017886
7 0.720670 0.225203 0.011173 0.017886
7 0.736632 0.221138 0.015962 0.022764
7 0.708300 0.469919 0.013567 0.016260
7 0.682761 0.687805 0.008779 0.019512
0 0.111333 0.634959 0.059856 0.047154
0 0.041500 0.636585 0.049481 0.050407
0 0.335196 0.925203 0.023943 0.097561
0 0.365523 0.900813 0.025539 0.091057
0 0.284118 0.873984 0.027135 0.092683
0 0.278532 0.961789 0.028731 0.069919
0 0.549082 0.635772 0.036712 0.104065
0 0.643256 0.573984 0.052674 0.045528
5 0.569433 0.504065 0.021548 0.016260
4 0.444932 0.597561 0.023144 0.037398
0 0.377494 0.664706 0.041500 0.105882
0 0.018356 0.330252 0.035116 0.042017
0 0.836792 0.330252 0.066241 0.048739
1 0.309657 0.671429 0.049481 0.163025
0 0.357143 0.487395 0.048683 0.043697
7 0.019553 0.249580 0.016760 0.018487
7 0.071828 0.284874 0.014366 0.025210
7 0.326417 0.223529 0.009577 0.020168
7 0.258579 0.262185 0.011173 0.020168
7 0.521548 0.137815 0.013567 0.020168
