7 0.718359 0.230787 0.012760 0.022685
7 0.732292 0.226852 0.010417 0.017593
7 0.826302 0.375694 0.013542 0.016204
7 0.827214 0.352083 0.013802 0.020833
0 0.111719 0.632407 0.060937 0.048148
0 0.499219 0.445370 0.056771 0.094444
0 0.638021 0.574074 0.056771 0.045370
0 0.811979 0.419444 0.064583 0.049074
0 0.364714 0.897685 0.028906 0.100926
0 0.275260 0.960880 0.025521 0.071759
4 0.174479 0.461806 0.037500 0.029167
0 0.385026 0.032870 0.026302 0.059259
0 0.831205 0.336134 0.064645 0.050420
0 0.759777 0.502521 0.049481 0.040336
1 0.636872 0.489076 0.059058 0.040336
0 0.671189 0.410084 0.057462 0.043697
0 0.047087 0.632773 0.055866 0.045378
0 0.022346 0.419328 0.039904 0.045378
0 0.020750 0.328571 0.038308 0.042017
0 0.283719 0.865546 0.029529 0.094118
4 0.352354 0.525210 0.015164 0.048739
7 0.057861 0.251261 0.015164 0.021849
7 0.025140 0.249580 0.018356 0.021849
7 0.514366 0.145378 0.008779 0.025210
7 0.527135 0.145378 0.013567 0.025210
7 0.332402 0.222689 0.013567 0.021849
7 0.322825 0.228571 0.008779 0.020168
