5 0.591146 0.667130 0.026042 0.024074
7 0.056641 0.250231 0.014323 0.022685
7 0.718750 0.223611 0.008854 0.024074
7 0.841276 0.578009 0.011198 0.024537
7 0.762500 0.315509 0.011979 0.022685
0 0.110547 0.550231 0.056510 0.037500
0 0.365234 0.897685 0.026302 0.094444
0 0.537891 0.582870 0.052865 0.079630
0 0.640885 0.570833 0.052604 0.045370
0 0.774870 0.427546 0.057552 0.048611
0 0.848828 0.421065 0.051823 0.045833
0 0.927734 0.418750 0.053385 0.050463
1 0.640104 0.406481 0.071875 0.051852
2 0.538672 0.432407 0.117969 0.178704
4 0.735417 0.373148 0.031250 0.021296
4 0.688021 0.493519 0.027083 0.021296
4 0.386719 0.083565 0.011979 0.056944
7 0.021548 0.248739 0.012769 0.016807
7 0.517558 0.144538 0.008779 0.016807
7 0.508380 0.147899 0.009577 0.020168
7 0.735435 0.222689 0.011971 0.018487
0 0.835595 0.331933 0.065443 0.052101
7 0.325619 0.219328 0.007981 0.015126
0 0.110934 0.635294 0.062251 0.050420
0 0.043895 0.635294 0.054270 0.043697
0 0.018755 0.331933 0.037510 0.045378
0 0.282921 0.871429 0.029529 0.092437
0 0.276137 0.956303 0.033520 0.077311
