7 0.820443 0.366667 0.012760 0.017593
7 0.834766 0.356944 0.012760 0.014815
7 0.716276 0.227546 0.007031 0.022685
7 0.733073 0.224306 0.010417 0.022685
7 0.694401 0.523611 0.014323 0.019444
7 0.058724 0.248611 0.020052 0.019444
7 0.022656 0.251157 0.010417 0.024537
7 0.014453 0.275463 0.012760 0.021296
0 0.188411 0.424769 0.047656 0.043056
0 0.549089 0.318981 0.036719 0.104630
0 0.792448 0.436574 0.047917 0.047222
0 0.364323 0.895139 0.034375 0.093056
0 0.272917 0.951157 0.027083 0.084722
0 0.020443 0.330093 0.040365 0.045370
1 0.052604 0.449769 0.068750 0.043981
6 0.039844 0.393519 0.043229 0.038889
4 0.700391 0.370833 0.024740 0.012963
0 0.829609 0.331933 0.067837 0.052101
0 0.608540 0.142017 0.024741 0.085714
7 0.508779 0.147059 0.011971 0.021849
0 0.448125 0.255462 0.027933 0.104202
0 0.404629 0.289076 0.030327 0.104202
0 0.419792 0.043697 0.027135 0.084034
0 0.385874 0.033613 0.024741 0.063866
7 0.357542 0.017647 0.012769 0.025210
0 0.637670 0.571429 0.052674 0.047059
0 0.537111 0.514286 0.047885 0.047059
0 0.282522 0.865546 0.027135 0.094118
0 0.112131 0.633613 0.061453 0.053782
0 0.045491 0.636134 0.054270 0.042017
0 0.231045 0.513445 0.053472 0.045378
7 0.322027 0.223529 0.007183 0.020168
7 0.330407 0.221849 0.009577 0.020168
