7 0.199609 0.318519 0.011198 0.019444
7 0.315625 0.231713 0.013542 0.024537
7 0.684766 0.674769 0.008073 0.026389
7 0.413021 0.722685 0.010417 0.017593
7 0.363932 0.173148 0.012760 0.014815
7 0.854427 0.591204 0.015104 0.027778
7 0.511979 0.141435 0.010417 0.016204
0 0.112630 0.629167 0.059115 0.051852
0 0.125781 0.382176 0.061458 0.052315
0 0.366406 0.895833 0.025521 0.094444
0 0.282552 0.869907 0.028646 0.097222
0 0.276953 0.959259 0.032031 0.071296
0 0.550260 0.632407 0.040625 0.100926
0 0.642448 0.573148 0.052604 0.050000
0 0.786068 0.562731 0.060677 0.048611
0 0.740234 0.487731 0.050260 0.042130
0 0.772917 0.408796 0.059896 0.053704
0 0.466927 0.216204 0.027083 0.084259
5 0.176693 0.593519 0.023177 0.019444
6 0.208724 0.518056 0.040885 0.034259
6 0.405729 0.412269 0.039062 0.043981
6 0.358333 0.738194 0.028646 0.074537
4 0.400651 0.216898 0.014323 0.050463
4 0.385547 0.356944 0.015885 0.047222
4 0.479297 0.320370 0.021615 0.045370
4 0.513932 0.408796 0.028906 0.021296
0 0.837590 0.328571 0.069433 0.048739
0 0.045491 0.636975 0.054270 0.047059
1 0.540303 0.490756 0.067039 0.050420
0 0.889864 0.502521 0.047885 0.040336
7 0.721468 0.223529 0.011173 0.016807
7 0.739425 0.221008 0.010375 0.018487
7 0.262969 0.310924 0.015164 0.026891
7 0.260575 0.263866 0.008779 0.016807
