7 0.721484 0.222685 0.009635 0.019444
7 0.740234 0.224306 0.007031 0.016204
7 0.772135 0.565046 0.013542 0.020833
7 0.803255 0.339815 0.010156 0.019444
5 0.644141 0.671528 0.024740 0.030093
0 0.363932 0.898380 0.025781 0.099537
0 0.540365 0.583102 0.049479 0.095833
0 0.638932 0.569907 0.053385 0.047222
0 0.782943 0.432407 0.054427 0.051852
0 0.886328 0.419444 0.050260 0.042593
4 0.575391 0.503935 0.032031 0.022685
4 0.883464 0.384491 0.036719 0.020833
1 0.652083 0.406481 0.070312 0.049074
2 0.480078 0.327778 0.078906 0.251852
4 0.382682 0.072222 0.013802 0.047222
6 0.072135 0.407407 0.039062 0.040741
0 0.837191 0.332773 0.062251 0.053782
0 0.709098 0.494958 0.048683 0.042017
0 0.282921 0.868908 0.027933 0.094118
0 0.111333 0.636134 0.063049 0.048739
0 0.043496 0.635294 0.055068 0.043697
0 0.019154 0.328571 0.036712 0.045378
7 0.057063 0.247899 0.016760 0.021849
7 0.019553 0.247059 0.015164 0.016807
7 0.507582 0.142017 0.009577 0.018487
7 0.517558 0.142857 0.008779 0.020168
7 0.325219 0.216807 0.007183 0.016807
0 0.275339 0.953782 0.031923 0.078992
