7 0.202713 0.309756 0.014366 0.024390
7 0.247007 0.289431 0.015164 0.022764
7 0.323224 0.295935 0.009577 0.022764
7 0.505986 0.143902 0.012769 0.021138
7 0.710694 0.229268 0.016760 0.016260
7 0.727454 0.222764 0.011971 0.019512
7 0.017957 0.661789 0.016760 0.019512
0 0.110934 0.633333 0.062251 0.043902
0 0.280527 0.269919 0.031125 0.094309
0 0.403831 0.312195 0.033520 0.084553
0 0.458899 0.495122 0.044693 0.086179
0 0.634078 0.569106 0.051875 0.055285
0 0.722666 0.493496 0.048683 0.050407
0 0.274142 0.955285 0.031125 0.082927
6 0.195531 0.485366 0.039904 0.040650
3 0.411014 0.099187 0.031923 0.136585
7 0.379489 0.117647 0.013567 0.030252
0 0.383081 0.031933 0.025539 0.063866
0 0.019952 0.327731 0.038308 0.043697
7 0.023144 0.251261 0.017558 0.021849
0 0.282921 0.862185 0.031125 0.094118
0 0.045890 0.631933 0.053472 0.043697
0 0.048683 0.510084 0.052674 0.042017
7 0.028332 0.674790 0.018356 0.021849
