7 0.465283 0.056098 0.009577 0.027642
7 0.309657 0.347154 0.011173 0.021138
7 0.199920 0.317073 0.013567 0.022764
7 0.055467 0.250407 0.015164 0.022764
7 0.658021 0.178049 0.010375 0.027642
7 0.576616 0.099187 0.013567 0.029268
7 0.721868 0.221951 0.011971 0.021138
7 0.740223 0.220325 0.011971 0.014634
7 0.677973 0.656098 0.010375 0.024390
7 0.498803 0.221138 0.007981 0.022764
0 0.110535 0.635772 0.063049 0.048780
0 0.043496 0.633333 0.055068 0.043902
0 0.548683 0.426016 0.056664 0.087805
0 0.550279 0.634146 0.035914 0.091057
0 0.825619 0.554472 0.063049 0.045528
0 0.366321 0.900000 0.027135 0.099187
0 0.322027 0.890244 0.029529 0.089431
0 0.278532 0.958537 0.028731 0.073171
4 0.624102 0.145528 0.014366 0.043902
3 0.465283 0.142276 0.031923 0.128455
0 0.285714 0.867227 0.030327 0.094118
0 0.641660 0.569748 0.057462 0.047059
0 0.837191 0.329412 0.067039 0.057143
7 0.708699 0.664706 0.012769 0.021849
7 0.261373 0.309244 0.010375 0.023529
7 0.367518 0.196639 0.010375 0.020168
7 0.373105 0.131092 0.011971 0.023529
7 0.392658 0.027731 0.012769 0.021849
7 0.512370 0.144538 0.011173 0.023529
7 0.316441 0.230252 0.015164 0.016807
7 0.261373 0.257983 0.011971 0.021849
