7 0.732642 0.225203 0.014366 0.021138
7 0.717877 0.226016 0.013567 0.032520
7 0.057063 0.248780 0.018356 0.019512
7 0.021947 0.248780 0.013567 0.019512
0 0.020351 0.327642 0.034318 0.040650
0 0.366720 0.887805 0.032721 0.100813
4 0.372706 0.344715 0.019154 0.039024
5 0.788109 0.393496 0.026337 0.016260
1 0.584996 0.482114 0.126097 0.066667
1 0.732243 0.421951 0.066241 0.043902
1 0.471668 0.265854 0.039904 0.131707
1 0.105347 0.477236 0.055866 0.040650
0 0.877095 0.407563 0.052674 0.045378
0 0.832402 0.329412 0.067039 0.050420
0 0.637670 0.570588 0.057462 0.045378
0 0.375499 0.671429 0.035914 0.082353
0 0.283320 0.864706 0.030327 0.089076
7 0.507183 0.147059 0.011971 0.021849
7 0.715882 0.518487 0.009577 0.018487
7 0.719872 0.506723 0.011173 0.015126
7 0.045491 0.361345 0.014366 0.016807
7 0.045890 0.347059 0.016760 0.015126
7 0.324421 0.217647 0.007183 0.015126
0 0.044294 0.631933 0.056664 0.043697
0 0.112530 0.632773 0.062251 0.055462
0 0.463687 0.485714 0.060654 0.043697
0 0.274940 0.955462 0.032721 0.085714
