7 0.080607 0.341463 0.015962 0.022764
7 0.310854 0.298374 0.010375 0.014634
7 0.360734 0.235772 0.011173 0.019512
7 0.687949 0.243089 0.009577 0.024390
7 0.714286 0.227642 0.012769 0.016260
7 0.581405 0.691870 0.011971 0.021138
7 0.225060 0.689431 0.014366 0.022764
7 0.008779 0.561789 0.014366 0.024390
7 0.358340 0.210569 0.015962 0.021138
0 0.280128 0.269919 0.027135 0.084553
0 0.420591 0.164228 0.023943 0.097561
0 0.545491 0.487805 0.058260 0.045528
0 0.635674 0.573171 0.053472 0.050407
0 0.274541 0.953659 0.028731 0.079675
0 0.364326 0.890244 0.032721 0.092683
0 0.115323 0.630894 0.059856 0.045528
4 0.310056 0.821951 0.013567 0.047154
4 0.377893 0.315447 0.019952 0.045528
6 0.558659 0.569106 0.036712 0.039024
1 0.367518 0.440650 0.037510 0.097561
0 0.383480 0.036116 0.026337 0.062600
0 0.045092 0.631933 0.053472 0.040336
0 0.022346 0.333613 0.039904 0.038655
7 0.021947 0.251261 0.016760 0.018487
0 0.282522 0.863025 0.028731 0.089076
0 0.826816 0.331092 0.067039 0.050420
7 0.506784 0.148739 0.011173 0.018487
7 0.728252 0.225210 0.010375 0.016807
