7 0.052275 0.663415 0.015164 0.022764
7 0.046289 0.254472 0.015962 0.021138
7 0.314046 0.304065 0.013567 0.019512
7 0.359537 0.208943 0.008779 0.021138
7 0.506784 0.154472 0.009577 0.013008
7 0.713488 0.228455 0.011173 0.021138
7 0.727853 0.226829 0.009577 0.021138
7 0.642857 0.696748 0.015164 0.021138
7 0.533121 0.652033 0.011173 0.022764
0 0.123703 0.412195 0.047885 0.040650
0 0.281724 0.275610 0.028731 0.095935
0 0.174781 0.509756 0.055866 0.040650
0 0.082602 0.543902 0.058260 0.040650
0 0.358340 0.783740 0.028731 0.097561
0 0.633280 0.572358 0.053472 0.048780
1 0.346768 0.371545 0.069433 0.095935
1 0.367119 0.516260 0.145251 0.086179
3 0.951716 0.427642 0.082203 0.055285
0 0.565842 0.047967 0.023943 0.092683
0 0.384278 0.034510 0.023144 0.065811
0 0.603352 0.411765 0.054270 0.047059
0 0.022346 0.331933 0.043097 0.045378
0 0.281724 0.863866 0.028731 0.090756
0 0.274940 0.954622 0.031125 0.084034
0 0.110535 0.633613 0.064645 0.047059
0 0.047087 0.632773 0.054270 0.045378
7 0.229050 0.310084 0.012769 0.021849
7 0.151237 0.285714 0.013567 0.013445
7 0.074222 0.631092 0.009577 0.025210
