7 0.233464 0.516898 0.015365 0.022685
7 0.260677 0.262731 0.010417 0.018056
7 0.404167 0.746296 0.011979 0.025926
7 0.605859 0.692824 0.012760 0.016204
7 0.553776 0.701620 0.011198 0.018056
7 0.912500 0.247222 0.013542 0.019444
7 0.739323 0.221991 0.013542 0.018056
7 0.722266 0.226157 0.011198 0.022685
7 0.656510 0.074769 0.013542 0.022685
7 0.658073 0.009954 0.011979 0.018981
7 0.365495 0.067593 0.012760 0.021296
0 0.111849 0.638194 0.062240 0.053241
0 0.282552 0.871528 0.030208 0.087500
0 0.275130 0.960880 0.034635 0.074537
0 0.551823 0.634259 0.039062 0.107407
0 0.642057 0.571528 0.053385 0.050463
0 0.533854 0.479630 0.054167 0.064815
0 0.596875 0.069907 0.027083 0.100926
0 0.382682 0.386111 0.040885 0.105556
0 0.358854 0.956713 0.031250 0.085648
4 0.332292 0.938194 0.013542 0.045833
3 0.356771 0.788426 0.044792 0.120370
7 0.261373 0.305882 0.013567 0.016807
7 0.511971 0.143697 0.008779 0.018487
0 0.660016 0.485714 0.054270 0.043697
0 0.809258 0.564706 0.062251 0.050420
0 0.413009 0.243697 0.027933 0.100840
0 0.474461 0.288235 0.027933 0.092437
0 0.327614 0.342017 0.055068 0.045378
0 0.262570 0.342017 0.054270 0.042017
0 0.044693 0.637815 0.055866 0.045378
7 0.399840 0.812605 0.009577 0.021849
7 0.200319 0.321849 0.017558 0.021849
0 0.837590 0.331092 0.066241 0.050420
7 0.612131 0.657143 0.009577 0.026891
7 0.326816 0.305042 0.011971 0.021849
