7 0.316441 0.229268 0.015164 0.019512
7 0.055068 0.250407 0.015962 0.016260
7 0.718276 0.224390 0.017558 0.022764
7 0.735834 0.220325 0.009577 0.027642
7 0.523543 0.138211 0.011173 0.026016
7 0.651237 0.063415 0.011173 0.029268
0 0.390263 0.377236 0.039904 0.091057
0 0.549082 0.632520 0.038308 0.097561
0 0.639665 0.571545 0.055068 0.047154
0 0.934158 0.421138 0.050279 0.035772
0 0.362729 0.897561 0.024741 0.097561
0 0.274940 0.959350 0.027933 0.068293
0 0.039904 0.634959 0.052674 0.040650
3 0.404230 0.230894 0.032721 0.126829
3 0.380686 0.668293 0.054270 0.117073
7 0.241022 0.931707 0.014366 0.032520
7 0.095371 0.673950 0.024741 0.020168
0 0.837191 0.329412 0.067039 0.050420
0 0.256983 0.508403 0.065443 0.048739
0 0.108939 0.635294 0.061453 0.047059
0 0.018356 0.326891 0.035116 0.045378
7 0.020351 0.247899 0.016760 0.021849
7 0.200718 0.315966 0.016760 0.016807
7 0.260176 0.309244 0.014366 0.023529
0 0.786911 0.415126 0.051077 0.043697
0 0.515962 0.361345 0.050279 0.087395
0 0.282921 0.869748 0.031125 0.092437
7 0.256584 0.257983 0.010375 0.021849
