7 0.059375 0.245370 0.016667 0.019444
7 0.025521 0.250231 0.014583 0.022685
7 0.719531 0.225231 0.010417 0.018056
7 0.733854 0.222685 0.011979 0.025926
0 0.292578 0.632639 0.053385 0.071759
0 0.277734 0.958333 0.030469 0.073148
0 0.639323 0.573843 0.054167 0.048611
5 0.099870 0.348843 0.035156 0.024537
3 0.109375 0.413889 0.073438 0.053704
4 0.386328 0.083565 0.014323 0.063426
4 0.380729 0.359259 0.019271 0.058333
1 0.048828 0.489815 0.097135 0.066667
0 0.833599 0.330252 0.064645 0.048739
0 0.365922 0.896639 0.031125 0.102521
0 0.114525 0.633613 0.061453 0.047059
0 0.045890 0.633613 0.055068 0.043697
0 0.021149 0.331092 0.039106 0.043697
7 0.507981 0.147899 0.010375 0.023529
7 0.326018 0.216807 0.005587 0.020168
0 0.818037 0.497479 0.054270 0.040336
0 0.285315 0.867227 0.029529 0.094118
7 0.698324 0.286555 0.011173 0.015126
7 0.701915 0.278151 0.011971 0.018487
