7 0.261068 0.262500 0.012760 0.021296
7 0.397917 0.789352 0.011979 0.017593
7 0.739714 0.221991 0.011198 0.020833
7 0.719922 0.227778 0.009635 0.019444
7 0.479948 0.665972 0.015104 0.018056
7 0.657292 0.076389 0.011979 0.019444
7 0.235026 0.623611 0.013802 0.021296
7 0.326823 0.303241 0.011979 0.017593
7 0.511198 0.145602 0.013542 0.020833
0 0.368359 0.491667 0.048698 0.079630
0 0.399089 0.310417 0.032031 0.104167
0 0.469531 0.175463 0.027604 0.094444
0 0.533333 0.455093 0.057292 0.077778
0 0.286068 0.864352 0.029427 0.086111
0 0.276432 0.956019 0.024740 0.071296
0 0.357161 0.955093 0.029427 0.079630
3 0.352344 0.827546 0.040625 0.130093
4 0.329948 0.966667 0.010417 0.040741
4 0.592969 0.279630 0.010937 0.036111
0 0.842839 0.486111 0.055990 0.049074
0 0.445730 0.321849 0.026337 0.105882
0 0.486433 0.330252 0.029529 0.095798
7 0.262969 0.310084 0.011971 0.025210
0 0.809657 0.564706 0.061453 0.050420
0 0.262969 0.342857 0.055068 0.043697
0 0.420591 0.048739 0.025539 0.087395
7 0.397047 0.810084 0.010375 0.023529
0 0.328013 0.343697 0.055866 0.045378
0 0.111732 0.636134 0.065443 0.048739
0 0.043496 0.637815 0.056664 0.038655
1 0.031524 0.425210 0.063049 0.047059
7 0.911812 0.248739 0.011971 0.026891
0 0.550279 0.631933 0.042298 0.110924
0 0.642059 0.572269 0.056664 0.052101
7 0.199122 0.317647 0.016760 0.020168
0 0.837590 0.332773 0.066241 0.050420
