7 0.098164 0.295122 0.015962 0.021138
7 0.098563 0.270732 0.013567 0.021138
7 0.023943 0.252846 0.014366 0.014634
7 0.306864 0.321138 0.015164 0.017886
7 0.326417 0.341463 0.011173 0.013008
7 0.316840 0.286179 0.015962 0.022764
7 0.507582 0.153659 0.014366 0.014634
7 0.711093 0.230894 0.012769 0.019512
7 0.729449 0.230894 0.012769 0.022764
7 0.160814 0.722764 0.016760 0.030894
7 0.244613 0.965854 0.013567 0.026016
0 0.281325 0.275610 0.031125 0.095935
0 0.220271 0.500813 0.047885 0.048780
0 0.291301 0.414634 0.047885 0.042276
0 0.386273 0.313821 0.035116 0.071545
0 0.389066 0.488618 0.063049 0.043902
0 0.113727 0.632520 0.063049 0.045528
0 0.047087 0.633333 0.051077 0.043902
0 0.274940 0.959350 0.034318 0.074797
0 0.364725 0.892683 0.028731 0.100813
0 0.635275 0.574797 0.057462 0.050407
0 0.561852 0.259350 0.027135 0.076423
0 0.469673 0.284553 0.034318 0.104065
3 0.669194 0.408943 0.069433 0.050407
0 0.385076 0.036116 0.026337 0.065811
0 0.829210 0.333613 0.063847 0.052101
0 0.058659 0.500000 0.059856 0.048739
0 0.282522 0.867227 0.030327 0.090756
0 0.022346 0.336134 0.039904 0.043697
6 0.069832 0.400000 0.043895 0.040336
