7 0.021484 0.246991 0.017448 0.022685
7 0.057422 0.249537 0.019010 0.024074
7 0.721484 0.226852 0.011198 0.021296
7 0.733464 0.221991 0.012760 0.018056
7 0.454818 0.668287 0.012760 0.016204
0 0.810417 0.425231 0.058333 0.040278
0 0.325260 0.814583 0.031250 0.097685
0 0.364714 0.895833 0.027344 0.094444
0 0.283333 0.870602 0.025521 0.089352
0 0.461719 0.060880 0.029687 0.115278
4 0.476823 0.271528 0.010417 0.052315
4 0.385156 0.078704 0.011979 0.066667
1 0.714453 0.417593 0.070573 0.045370
5 0.386198 0.730093 0.020833 0.032407
7 0.506784 0.143697 0.009577 0.021849
0 0.640064 0.573109 0.055866 0.047059
0 0.576217 0.550420 0.059058 0.085714
0 0.248603 0.404202 0.053472 0.042017
0 0.019154 0.328571 0.038308 0.042017
0 0.110934 0.633613 0.062251 0.050420
0 0.043097 0.636975 0.052674 0.047059
0 0.835994 0.331092 0.066241 0.050420
0 0.525140 0.402521 0.052674 0.045378
1 0.679968 0.494118 0.068635 0.047059
7 0.324820 0.217647 0.007981 0.018487
0 0.275738 0.956303 0.031125 0.080672
