7 0.371224 0.072222 0.011198 0.021296
7 0.389453 0.305787 0.011198 0.022685
7 0.202344 0.382870 0.015104 0.024074
7 0.026042 0.251157 0.010417 0.024537
7 0.022917 0.660880 0.017708 0.016204
7 0.242057 0.584028 0.012760 0.027315
0 0.021875 0.329398 0.042188 0.043981
0 0.279036 0.270833 0.026302 0.086111
0 0.465365 0.276389 0.025521 0.100926
0 0.553906 0.245602 0.027083 0.091204
0 0.632812 0.569213 0.054167 0.048611
0 0.339974 0.749769 0.028906 0.089352
0 0.281771 0.859259 0.027083 0.094444
0 0.273698 0.952778 0.025521 0.081481
0 0.112109 0.628472 0.066406 0.043981
0 0.046354 0.627546 0.049479 0.042130
5 0.300130 0.921296 0.014323 0.040741
5 0.389453 0.709722 0.019010 0.043519
4 0.499609 0.536574 0.032031 0.025926
1 0.371484 0.490278 0.042448 0.115741
0 0.383073 0.034491 0.027083 0.062500
7 0.032813 0.665509 0.020313 0.019907
7 0.727055 0.224370 0.012769 0.018487
7 0.711492 0.229412 0.013567 0.018487
3 0.411014 0.095798 0.028731 0.124370
7 0.505587 0.149580 0.010375 0.020168
