7 0.640862 0.098374 0.011173 0.021138
7 0.654030 0.078862 0.013567 0.021138
7 0.662809 0.021138 0.013567 0.032520
7 0.318436 0.233333 0.012769 0.024390
7 0.264166 0.308130 0.019154 0.021138
7 0.203512 0.315447 0.019154 0.019512
7 0.366720 0.704065 0.015164 0.016260
7 0.721468 0.222764 0.014366 0.019512
7 0.740623 0.218699 0.011173 0.021138
7 0.510774 0.143902 0.011173 0.017886
7 0.373504 0.127642 0.014366 0.024390
0 0.113328 0.631707 0.063847 0.053659
0 0.330407 0.755285 0.025539 0.095935
0 0.366321 0.895122 0.025539 0.095935
0 0.550678 0.633333 0.033520 0.102439
0 0.641660 0.574797 0.055866 0.047154
0 0.782921 0.560163 0.060654 0.056911
0 0.876297 0.412195 0.063847 0.053659
0 0.752195 0.413008 0.063049 0.048780
0 0.480447 0.316260 0.033520 0.095935
4 0.411413 0.249593 0.018356 0.047154
4 0.466879 0.056911 0.015962 0.039024
0 0.837590 0.328571 0.066241 0.052101
0 0.284916 0.868908 0.030327 0.094118
0 0.045491 0.636975 0.054270 0.050420
6 0.129689 0.545378 0.043895 0.038655
7 0.056664 0.249580 0.015962 0.021849
0 0.276935 0.956303 0.031923 0.080672
0 0.429370 0.405882 0.055866 0.045378
7 0.259377 0.258824 0.009577 0.013445
