7 0.726257 0.580488 0.012769 0.019512
7 0.719074 0.222764 0.012769 0.019512
7 0.736233 0.218699 0.011971 0.017886
7 0.056265 0.247967 0.019952 0.021138
7 0.022346 0.246341 0.017558 0.024390
7 0.275339 0.815447 0.015962 0.021138
0 0.423783 0.069919 0.025539 0.081301
0 0.639665 0.569106 0.055068 0.048780
0 0.549880 0.631707 0.043097 0.105691
0 0.365124 0.893496 0.029529 0.095935
1 0.577015 0.460163 0.055866 0.055285
4 0.041500 0.405691 0.031923 0.017886
7 0.264565 0.280672 0.011971 0.023529
7 0.261373 0.257983 0.010375 0.021849
7 0.328412 0.218487 0.010375 0.020168
0 0.275738 0.957143 0.034318 0.082353
0 0.284118 0.872269 0.028731 0.094118
0 0.019154 0.331933 0.036712 0.048739
0 0.042298 0.635294 0.054270 0.043697
0 0.110934 0.635294 0.063847 0.050420
0 0.835994 0.331092 0.064645 0.050420
7 0.509577 0.168908 0.008779 0.021849
7 0.509178 0.147059 0.011173 0.015126
