7 0.717187 0.223611 0.011979 0.021296
7 0.736589 0.224306 0.012760 0.022685
7 0.658464 0.309028 0.009635 0.022685
7 0.673568 0.704861 0.015885 0.020833
0 0.365625 0.897685 0.023958 0.087963
0 0.639714 0.569213 0.053385 0.042130
0 0.551042 0.633333 0.037500 0.105556
0 0.730339 0.416204 0.063802 0.051852
6 0.616927 0.400694 0.040104 0.037500
7 0.424581 0.075630 0.011173 0.020168
7 0.421788 0.052101 0.010375 0.023529
7 0.326417 0.225210 0.009577 0.020168
7 0.506385 0.147059 0.008779 0.025210
7 0.559856 0.093277 0.008779 0.028571
0 0.876696 0.414286 0.064645 0.048739
0 0.834796 0.329412 0.067039 0.053782
0 0.754589 0.498319 0.061453 0.048739
0 0.540702 0.494118 0.063049 0.047059
0 0.114126 0.517647 0.059058 0.043697
0 0.019952 0.331092 0.038308 0.047059
7 0.055866 0.251261 0.014366 0.021849
7 0.019952 0.248739 0.017558 0.020168
7 0.677175 0.215966 0.010375 0.015126
0 0.111732 0.633613 0.062251 0.047059
0 0.043097 0.635294 0.055866 0.043697
0 0.284118 0.870588 0.030327 0.094118
0 0.275738 0.956303 0.032721 0.077311
