7 0.264166 0.309756 0.015962 0.017886
7 0.720271 0.222764 0.011971 0.019512
7 0.737430 0.222764 0.007981 0.019512
7 0.525140 0.138211 0.009577 0.019512
7 0.535914 0.636585 0.005587 0.021138
0 0.550279 0.630081 0.039106 0.102439
0 0.367518 0.897561 0.021548 0.094309
4 0.303272 0.880488 0.014366 0.047154
1 0.416201 0.200813 0.042298 0.183740
0 0.836393 0.331092 0.067039 0.053782
0 0.642857 0.572269 0.055068 0.048739
0 0.114126 0.637815 0.062251 0.048739
0 0.045491 0.637815 0.054270 0.045378
0 0.330806 0.683193 0.027933 0.092437
0 0.342777 0.387395 0.053472 0.078992
3 0.181564 0.378992 0.071030 0.058824
0 0.284916 0.869748 0.028731 0.092437
0 0.277733 0.956303 0.030327 0.084034
0 0.021149 0.331933 0.039106 0.045378
7 0.025140 0.249580 0.019952 0.018487
7 0.059058 0.250420 0.017558 0.023529
7 0.312849 0.231933 0.011173 0.020168
7 0.261373 0.261345 0.011971 0.021849
