7 0.709896 0.235648 0.015104 0.019444
7 0.724609 0.229167 0.011198 0.019444
7 0.506510 0.565741 0.011979 0.019444
7 0.504297 0.150463 0.011198 0.017593
7 0.075781 0.283796 0.017708 0.024074
7 0.859115 0.565741 0.015104 0.019444
7 0.854427 0.330093 0.013542 0.019444
7 0.853125 0.274074 0.009375 0.034259
7 0.893880 0.243750 0.014323 0.016204
0 0.276172 0.282176 0.033594 0.082870
0 0.634375 0.569907 0.051042 0.050000
0 0.313151 0.906481 0.026302 0.096296
0 0.281380 0.861111 0.027865 0.086111
0 0.270182 0.956019 0.030990 0.081481
1 0.318880 0.509028 0.069531 0.061574
6 0.511589 0.550463 0.035156 0.040741
6 0.174740 0.455324 0.031771 0.045833
3 0.448177 0.086343 0.032813 0.136574
0 0.383854 0.038426 0.027083 0.074074
4 0.864062 0.335185 0.017708 0.037963
7 0.908220 0.239496 0.012769 0.025210
0 0.021149 0.331092 0.039106 0.047059
7 0.023144 0.252101 0.015962 0.020168
