7 0.061458 0.253472 0.016146 0.022685
7 0.023177 0.248611 0.017708 0.019444
7 0.822005 0.366667 0.009635 0.024074
7 0.832812 0.354398 0.008854 0.016204
7 0.715885 0.227546 0.009375 0.016204
7 0.732292 0.223611 0.010417 0.017593
7 0.682422 0.603241 0.014323 0.023148
0 0.418229 0.175463 0.028646 0.100926
0 0.450000 0.299306 0.025521 0.110648
0 0.609635 0.424306 0.051042 0.052315
0 0.711068 0.502315 0.044531 0.045370
0 0.637370 0.571528 0.051823 0.043981
0 0.545443 0.495833 0.047135 0.045370
0 0.380208 0.394444 0.034375 0.099074
0 0.283854 0.867361 0.030729 0.091204
0 0.276302 0.957407 0.036979 0.084259
0 0.363932 0.893519 0.030469 0.089815
4 0.625260 0.217824 0.011979 0.039352
0 0.385417 0.033565 0.023958 0.057870
0 0.830407 0.329412 0.066241 0.053782
0 0.112530 0.631092 0.060654 0.048739
0 0.045092 0.634454 0.055068 0.045378
0 0.022346 0.331092 0.041500 0.047059
7 0.508380 0.145378 0.011173 0.021849
7 0.321229 0.223529 0.008779 0.020168
7 0.329609 0.222689 0.012769 0.018487
