7 0.152083 0.627546 0.013542 0.022685
7 0.241406 0.656250 0.013542 0.024537
7 0.405729 0.723611 0.010417 0.023148
7 0.701562 0.637269 0.017708 0.022685
7 0.670052 0.084491 0.011979 0.016204
7 0.740625 0.221991 0.013021 0.020833
7 0.720313 0.220370 0.011979 0.024074
7 0.352344 0.233333 0.008854 0.024074
7 0.313281 0.231713 0.013542 0.018056
7 0.511589 0.145602 0.011198 0.020833
0 0.110547 0.631713 0.063281 0.046759
0 0.398177 0.269213 0.028646 0.089352
0 0.519141 0.497685 0.050260 0.038889
0 0.350781 0.787731 0.034375 0.108796
0 0.365104 0.897454 0.028125 0.097685
0 0.551042 0.632639 0.039062 0.110648
0 0.641667 0.574074 0.052604 0.045370
0 0.808073 0.565972 0.061458 0.042130
0 0.867839 0.413889 0.051823 0.040741
6 0.443750 0.072454 0.023958 0.063426
1 0.476302 0.399537 0.066146 0.045370
1 0.713802 0.409028 0.105208 0.068056
1 0.390755 0.616204 0.048698 0.094444
4 0.400651 0.147917 0.011198 0.039352
4 0.709505 0.495139 0.028906 0.018056
4 0.802083 0.502546 0.033333 0.016204
4 0.308464 0.934259 0.018490 0.060185
2 0.467448 0.230787 0.060417 0.239352
0 0.838787 0.330252 0.067039 0.055462
0 0.327614 0.340336 0.056664 0.045378
0 0.041500 0.636975 0.059058 0.047059
7 0.650439 0.071429 0.011173 0.018487
7 0.655626 0.009244 0.010375 0.018487
7 0.199521 0.316807 0.017558 0.021849
7 0.265363 0.305882 0.011971 0.020168
0 0.276536 0.957143 0.031125 0.075630
0 0.283320 0.869748 0.031923 0.099160
7 0.258579 0.258824 0.011173 0.023529
