7 0.717578 0.222685 0.012760 0.019444
7 0.733854 0.222685 0.011979 0.019444
7 0.058984 0.252083 0.015885 0.016204
7 0.025130 0.250463 0.013802 0.025926
0 0.638411 0.572222 0.055990 0.045370
0 0.365495 0.895139 0.035156 0.095833
0 0.275651 0.961574 0.026302 0.073148
4 0.383854 0.079630 0.016146 0.058333
0 0.024741 0.510084 0.046289 0.048739
0 0.044294 0.635294 0.053472 0.043697
0 0.112131 0.632773 0.063049 0.052101
1 0.214286 0.488235 0.141261 0.065546
0 0.835196 0.330252 0.066241 0.048739
0 0.284517 0.868067 0.029529 0.099160
7 0.507582 0.147899 0.011173 0.020168
7 0.325219 0.215966 0.007183 0.018487
4 0.320830 0.840336 0.014366 0.047059
7 0.703512 0.332773 0.010375 0.016807
7 0.705906 0.325210 0.010375 0.018487
0 0.020351 0.331092 0.039106 0.047059
