7 0.701516 0.561789 0.014366 0.021138
7 0.714286 0.228455 0.012769 0.030894
7 0.728651 0.226829 0.015962 0.021138
7 0.361133 0.119512 0.010375 0.021138
7 0.318835 0.282927 0.013567 0.019512
7 0.050678 0.248780 0.016760 0.019512
7 0.020750 0.248780 0.012769 0.019512
7 0.125299 0.706504 0.015962 0.027642
7 0.411413 0.115447 0.011971 0.022764
7 0.326417 0.955285 0.012769 0.027642
7 0.282921 0.478049 0.013567 0.022764
0 0.020750 0.330081 0.039904 0.039024
0 0.041500 0.634959 0.054270 0.047154
0 0.111732 0.633333 0.059058 0.047154
0 0.274541 0.956098 0.033520 0.081301
0 0.364725 0.892683 0.030327 0.097561
0 0.418994 0.554472 0.041500 0.081301
0 0.569433 0.482927 0.055068 0.058537
0 0.494014 0.346341 0.038308 0.084553
0 0.637670 0.570732 0.051077 0.048780
0 0.456504 0.104878 0.027135 0.105691
0 0.279729 0.273984 0.027933 0.099187
4 0.048683 0.405691 0.028731 0.021138
6 0.748603 0.412195 0.036712 0.037398
0 0.383879 0.033708 0.027135 0.064205
7 0.506385 0.149580 0.010375 0.020168
0 0.829210 0.329412 0.067039 0.053782
0 0.282123 0.867227 0.027933 0.097479
