7 0.182422 0.704861 0.024740 0.020833
7 0.243359 0.665046 0.011198 0.019907
7 0.409505 0.721065 0.009635 0.024537
7 0.741016 0.223611 0.008594 0.014815
7 0.723437 0.221991 0.008854 0.018056
7 0.672786 0.078009 0.012760 0.022685
7 0.651563 0.071528 0.010417 0.016204
7 0.657292 0.009028 0.011979 0.014352
7 0.364323 0.145602 0.010417 0.020833
7 0.258854 0.256019 0.008333 0.014815
7 0.197786 0.317593 0.015365 0.025926
7 0.722656 0.676389 0.011979 0.025926
7 0.511979 0.143056 0.010417 0.023148
0 0.641016 0.574769 0.054948 0.043981
0 0.549870 0.630093 0.041406 0.099074
0 0.275781 0.961574 0.031250 0.073148
0 0.368229 0.900000 0.034375 0.096296
0 0.810026 0.567593 0.057552 0.045370
0 0.844010 0.495139 0.053646 0.046759
2 0.471745 0.231713 0.063802 0.235648
1 0.672786 0.397454 0.068490 0.043981
1 0.375000 0.655324 0.047917 0.104167
4 0.366276 0.430093 0.019010 0.053704
4 0.444922 0.605556 0.026302 0.032407
4 0.564193 0.485417 0.033594 0.014352
0 0.130886 0.514286 0.051077 0.043697
0 0.042698 0.637815 0.055068 0.045378
0 0.109338 0.633613 0.065443 0.047059
0 0.328013 0.340336 0.057462 0.045378
0 0.407821 0.051261 0.023943 0.095798
6 0.440942 0.072269 0.026337 0.073950
1 0.857941 0.412605 0.111732 0.068908
0 0.837989 0.331092 0.068635 0.047059
7 0.267757 0.275630 0.013567 0.023529
0 0.282123 0.873109 0.029529 0.095798
0 0.312450 0.752101 0.027933 0.095798
0 0.343974 0.833613 0.038308 0.107563
7 0.312450 0.228571 0.013567 0.023529
