7 0.060286 0.248611 0.018490 0.019444
7 0.027995 0.251852 0.017448 0.019444
7 0.653906 0.048843 0.011979 0.029167
7 0.715495 0.229167 0.013802 0.019444
7 0.732682 0.225231 0.012760 0.024537
0 0.818880 0.424306 0.055990 0.035648
0 0.308464 0.417130 0.058073 0.040741
0 0.361979 0.894444 0.029687 0.087963
4 0.369141 0.595139 0.024740 0.045833
4 0.408724 0.190972 0.011198 0.043981
4 0.685937 0.524306 0.026562 0.024537
1 0.797266 0.502546 0.076823 0.055093
1 0.453646 0.499074 0.059896 0.045370
4 0.116536 0.378704 0.030469 0.025926
0 0.386589 0.033565 0.024740 0.064352
7 0.526736 0.147059 0.011173 0.025210
7 0.505188 0.153782 0.011173 0.021849
7 0.827215 0.353782 0.008779 0.021849
7 0.821628 0.374790 0.016760 0.013445
0 0.829609 0.333613 0.067837 0.052101
0 0.622905 0.318487 0.053472 0.092437
0 0.460495 0.277311 0.027135 0.107563
0 0.021548 0.331092 0.043097 0.047059
0 0.113328 0.632773 0.062251 0.048739
0 0.046688 0.634454 0.053472 0.045378
0 0.283719 0.865546 0.029529 0.094118
0 0.274541 0.955462 0.031923 0.082353
0 0.638867 0.573950 0.053472 0.048739
0 0.561053 0.503361 0.049481 0.042017
7 0.333200 0.222689 0.015164 0.028571
7 0.323623 0.229412 0.010375 0.021849
