7 0.059856 0.250407 0.017558 0.022764
7 0.389864 0.063415 0.010375 0.016260
7 0.734238 0.222764 0.014366 0.016260
0 0.284916 0.863415 0.028731 0.087805
0 0.277733 0.958537 0.030327 0.079675
0 0.367917 0.893496 0.033520 0.092683
0 0.019154 0.334959 0.036712 0.042276
3 0.369513 0.356098 0.057462 0.117073
4 0.388268 0.087805 0.013567 0.055285
4 0.421788 0.122764 0.019952 0.063415
5 0.244613 0.348780 0.027933 0.021138
5 0.843575 0.544715 0.027135 0.016260
0 0.640463 0.571429 0.055068 0.047059
0 0.113727 0.632773 0.058260 0.048739
0 0.046688 0.635294 0.053472 0.043697
0 0.598962 0.488235 0.056664 0.058824
0 0.834796 0.331933 0.065443 0.052101
7 0.719074 0.226050 0.009577 0.018487
7 0.024741 0.250420 0.015962 0.020168
7 0.507582 0.147899 0.009577 0.023529
7 0.326417 0.216807 0.007981 0.020168
7 0.678771 0.247059 0.008779 0.020168
7 0.681165 0.236134 0.010375 0.018487
