7 0.737760 0.219444 0.015104 0.019444
7 0.721484 0.224306 0.014323 0.022685
7 0.913411 0.245370 0.015365 0.025926
7 0.684766 0.681481 0.014323 0.025926
7 0.414583 0.716204 0.013542 0.021296
7 0.395964 0.787037 0.011198 0.025926
7 0.393750 0.813194 0.010417 0.016204
7 0.370312 0.824537 0.014583 0.025926
7 0.200781 0.318750 0.016667 0.022685
7 0.261068 0.263426 0.012760 0.025926
7 0.657682 0.009954 0.015885 0.018981
7 0.656901 0.077315 0.012760 0.014815
0 0.113672 0.634722 0.062240 0.051852
0 0.323177 0.766667 0.022396 0.079630
0 0.285938 0.869676 0.022396 0.095833
0 0.276302 0.960880 0.032292 0.078241
0 0.422396 0.567361 0.050000 0.100463
0 0.554688 0.631713 0.044792 0.095833
0 0.641276 0.571528 0.051823 0.043981
0 0.578646 0.486111 0.054167 0.042593
0 0.628516 0.400694 0.054948 0.043981
0 0.714193 0.465278 0.055469 0.049074
0 0.809245 0.565046 0.059115 0.046759
1 0.332813 0.432639 0.067187 0.042130
4 0.496354 0.492824 0.023958 0.016204
1 0.855469 0.477083 0.121354 0.069907
7 0.252995 0.717824 0.015885 0.020833
0 0.348307 0.969676 0.040885 0.060648
0 0.837191 0.331092 0.067039 0.053782
3 0.352354 0.823529 0.042298 0.127731
0 0.043097 0.636134 0.052674 0.048739
7 0.263767 0.310924 0.011971 0.026891
0 0.261772 0.342857 0.055866 0.043697
0 0.328412 0.342857 0.056664 0.043697
0 0.401038 0.302521 0.035914 0.110924
0 0.444134 0.291597 0.026337 0.105882
0 0.482442 0.298319 0.029529 0.099160
0 0.466081 0.136975 0.028731 0.089076
7 0.510375 0.146218 0.010375 0.020168
