7 0.018755 0.248780 0.013567 0.019512
7 0.057063 0.248780 0.018356 0.019512
7 0.721069 0.223577 0.011971 0.017886
7 0.735435 0.223577 0.011971 0.014634
7 0.535914 0.639024 0.013567 0.019512
7 0.367518 0.813821 0.015164 0.024390
7 0.864326 0.580488 0.014366 0.019512
0 0.576217 0.454472 0.055866 0.060163
0 0.639665 0.572358 0.056664 0.045528
0 0.548683 0.631707 0.037510 0.102439
0 0.181165 0.426016 0.044693 0.048780
0 0.110934 0.634959 0.057462 0.040650
0 0.018755 0.327642 0.037510 0.037398
0 0.365922 0.898374 0.031125 0.089431
0 0.285714 0.859350 0.027135 0.095935
0 0.275339 0.961789 0.028731 0.066667
4 0.709497 0.409756 0.028731 0.013008
7 0.263368 0.283193 0.009577 0.018487
7 0.260974 0.259664 0.011173 0.015126
7 0.327614 0.217647 0.010375 0.018487
0 0.044294 0.636134 0.056664 0.045378
0 0.834397 0.329412 0.067837 0.050420
7 0.521548 0.139496 0.007183 0.016807
7 0.508779 0.168067 0.008779 0.023529
