7 0.806864 0.656911 0.012769 0.022764
7 0.734637 0.225203 0.008779 0.014634
7 0.716281 0.228455 0.010375 0.017886
7 0.617318 0.195122 0.010375 0.016260
7 0.506385 0.152033 0.013567 0.017886
7 0.063049 0.250407 0.019154 0.022764
7 0.027135 0.250407 0.020750 0.016260
7 0.830806 0.356911 0.011173 0.011382
0 0.043895 0.633333 0.051077 0.043902
0 0.371508 0.696748 0.034318 0.082927
0 0.635275 0.569919 0.052674 0.040650
0 0.798883 0.410569 0.055866 0.043902
0 0.386273 0.034510 0.028731 0.059390
0 0.363528 0.894118 0.029529 0.104202
0 0.282522 0.863866 0.030327 0.094118
0 0.111732 0.635294 0.062251 0.043697
0 0.019553 0.329412 0.039106 0.050420
0 0.397047 0.410084 0.056664 0.050420
0 0.831205 0.335294 0.064645 0.052101
1 0.681564 0.405882 0.062251 0.048739
0 0.527135 0.406723 0.058260 0.047059
6 0.404629 0.262185 0.028731 0.057143
7 0.824421 0.372269 0.015962 0.018487
0 0.273743 0.957143 0.031923 0.075630
7 0.322825 0.224370 0.010375 0.021849
7 0.333998 0.224370 0.013567 0.025210
6 0.424980 0.056303 0.023144 0.072269
