7 0.167578 0.296759 0.017448 0.021296
7 0.019922 0.251157 0.015885 0.024537
7 0.503516 0.149537 0.012760 0.019444
7 0.709896 0.229398 0.008854 0.022685
7 0.726953 0.222917 0.011198 0.029167
7 0.507292 0.603241 0.011979 0.016667
7 0.901823 0.255093 0.009375 0.019444
7 0.911328 0.242130 0.009635 0.019444
7 0.922135 0.404861 0.013542 0.019907
7 0.892708 0.238889 0.013542 0.012963
0 0.272917 0.955093 0.030208 0.079630
0 0.279427 0.865741 0.027083 0.086111
0 0.360026 0.576389 0.038281 0.092593
0 0.200651 0.414583 0.050260 0.048611
0 0.279427 0.273843 0.027083 0.095833
0 0.021484 0.328472 0.039844 0.039352
0 0.505469 0.462731 0.050521 0.073611
0 0.632812 0.571528 0.054167 0.050463
0 0.595443 0.237500 0.039844 0.094444
6 0.510417 0.547917 0.032813 0.032870
6 0.407031 0.195139 0.020833 0.074537
0 0.383854 0.036111 0.027083 0.069444
4 0.864974 0.333333 0.024219 0.037037
