7 0.505587 0.145528 0.015164 0.017886
7 0.196728 0.314634 0.011971 0.027642
7 0.169593 0.310569 0.013567 0.026016
7 0.056664 0.248780 0.020750 0.019512
7 0.315642 0.232520 0.013567 0.022764
7 0.381085 0.273984 0.011971 0.011382
7 0.431764 0.232520 0.011173 0.016260
7 0.717079 0.226016 0.013567 0.022764
7 0.736632 0.221951 0.019154 0.017886
7 0.672785 0.640650 0.012769 0.016260
7 0.372706 0.129268 0.011173 0.017886
7 0.899840 0.626829 0.011971 0.017886
0 0.110934 0.636585 0.062251 0.047154
0 0.040702 0.638211 0.051077 0.047154
0 0.282921 0.869919 0.031125 0.084553
0 0.276536 0.961789 0.037510 0.069919
0 0.337989 0.871545 0.026337 0.104065
0 0.365523 0.895122 0.023943 0.099187
0 0.484836 0.390244 0.039106 0.094309
0 0.568635 0.500813 0.053472 0.042276
0 0.640463 0.571545 0.058260 0.050407
0 0.551077 0.633333 0.037510 0.108943
1 0.796887 0.477236 0.050279 0.050407
4 0.624102 0.152033 0.014366 0.040650
7 0.264964 0.310084 0.014366 0.018487
0 0.328811 0.410084 0.057462 0.063866
0 0.650439 0.495798 0.052674 0.040336
0 0.837191 0.328571 0.067039 0.058824
7 0.258978 0.258824 0.010375 0.023529
