7 0.198723 0.317073 0.012769 0.019512
7 0.668396 0.139024 0.013567 0.021138
7 0.676776 0.708130 0.009577 0.024390
7 0.401038 0.713821 0.013567 0.019512
0 0.355547 0.424390 0.039106 0.097561
0 0.476457 0.282114 0.028731 0.095935
0 0.569034 0.112195 0.035116 0.107317
0 0.689146 0.401626 0.059856 0.039024
0 0.643256 0.565041 0.055866 0.040650
0 0.552275 0.630081 0.039904 0.105691
0 0.278132 0.959350 0.034318 0.074797
0 0.784517 0.567480 0.057462 0.045528
0 0.859936 0.415447 0.061453 0.053659
0 0.961293 0.417073 0.064645 0.043902
7 0.264964 0.308403 0.015962 0.021849
0 0.837989 0.326050 0.068635 0.050420
7 0.056265 0.248739 0.013567 0.016807
7 0.739026 0.219328 0.011173 0.015126
7 0.723065 0.221849 0.011173 0.016807
7 0.511572 0.142017 0.011173 0.018487
7 0.369912 0.128571 0.008779 0.021849
7 0.315243 0.228571 0.011173 0.016807
0 0.662011 0.500000 0.050279 0.038655
0 0.110934 0.633613 0.063847 0.050420
0 0.043097 0.636134 0.057462 0.042017
0 0.364725 0.897479 0.030327 0.104202
0 0.321229 0.805042 0.024741 0.097479
0 0.283320 0.869748 0.031923 0.099160
7 0.257781 0.257983 0.007981 0.021849
