7 0.056265 0.247967 0.013567 0.027642
7 0.021149 0.248780 0.010375 0.019512
7 0.413807 0.203252 0.011971 0.019512
7 0.719872 0.221951 0.011173 0.017886
7 0.733839 0.221138 0.011971 0.019512
7 0.833599 0.347967 0.010375 0.022764
7 0.356345 0.076423 0.016760 0.026016
7 0.407422 0.749593 0.011971 0.019512
0 0.110535 0.634146 0.061453 0.045528
0 0.246608 0.427642 0.054270 0.048780
0 0.550678 0.626016 0.039904 0.107317
0 0.638867 0.569106 0.056664 0.048780
0 0.364326 0.896748 0.027933 0.095935
0 0.280926 0.871545 0.023943 0.084553
0 0.278532 0.957724 0.028731 0.081301
1 0.738627 0.404878 0.067837 0.055285
1 0.308859 0.791870 0.044693 0.169106
3 0.433360 0.565041 0.063847 0.105691
7 0.264166 0.277311 0.009577 0.016807
7 0.259377 0.262185 0.009577 0.020168
7 0.326417 0.217647 0.009577 0.018487
0 0.019553 0.331092 0.035914 0.043697
0 0.043496 0.636975 0.056664 0.043697
0 0.355946 0.780672 0.033520 0.089076
0 0.649641 0.492437 0.059058 0.047059
0 0.545092 0.410924 0.049481 0.045378
0 0.452913 0.072269 0.027933 0.104202
0 0.762171 0.489076 0.057462 0.043697
0 0.835196 0.327731 0.067837 0.053782
7 0.521149 0.140336 0.009577 0.018487
