7 0.200319 0.318699 0.019154 0.022764
7 0.261373 0.260976 0.011971 0.024390
7 0.311652 0.268293 0.011971 0.022764
7 0.352354 0.234959 0.013567 0.021138
7 0.659617 0.077236 0.010375 0.024390
7 0.658819 0.010569 0.011971 0.021138
7 0.720670 0.225203 0.012769 0.014634
7 0.739824 0.223577 0.012769 0.017886
7 0.913807 0.245528 0.014366 0.022764
7 0.732243 0.593496 0.010375 0.019512
7 0.724661 0.649593 0.012769 0.017886
7 0.687949 0.606504 0.011173 0.019512
7 0.402634 0.734959 0.010375 0.019512
7 0.398244 0.778049 0.012769 0.024390
0 0.400239 0.297561 0.029529 0.091057
0 0.105746 0.422764 0.055068 0.042276
0 0.551476 0.627642 0.038308 0.100813
0 0.642458 0.570732 0.055866 0.039024
0 0.735834 0.482927 0.049481 0.045528
0 0.808460 0.567480 0.057462 0.042276
0 0.284118 0.864228 0.023943 0.092683
0 0.275738 0.954472 0.027933 0.074797
0 0.363927 0.897561 0.023943 0.094309
4 0.509178 0.538211 0.022346 0.026016
3 0.537111 0.336585 0.054270 0.107317
0 0.223464 0.387805 0.046289 0.086179
7 0.263368 0.310084 0.011173 0.021849
7 0.293695 0.321008 0.012769 0.023529
0 0.112929 0.634454 0.064645 0.052101
0 0.045491 0.637815 0.054270 0.042017
0 0.329609 0.342017 0.054270 0.042017
0 0.837989 0.331092 0.068635 0.047059
7 0.511971 0.142857 0.010375 0.020168
