7 0.058984 0.247222 0.014323 0.025926
7 0.718359 0.222685 0.012760 0.025926
7 0.734635 0.220370 0.013542 0.021296
0 0.274870 0.957639 0.026302 0.081019
0 0.367839 0.895833 0.039844 0.094444
4 0.381771 0.075463 0.013542 0.053704
1 0.459766 0.111343 0.035156 0.138426
1 0.422656 0.483565 0.139583 0.069907
0 0.833998 0.331092 0.065443 0.050420
0 0.638069 0.570588 0.056664 0.048739
0 0.239824 0.500840 0.059856 0.043697
0 0.112131 0.631092 0.061453 0.052101
0 0.044294 0.635294 0.055068 0.043697
0 0.019952 0.329412 0.039904 0.043697
7 0.021548 0.249580 0.014366 0.021849
7 0.507582 0.144538 0.011173 0.023529
0 0.282522 0.868067 0.030327 0.099160
7 0.324022 0.217647 0.007981 0.015126
7 0.704310 0.379832 0.010375 0.020168
7 0.708699 0.373950 0.012769 0.018487
