7 0.656824 0.124390 0.014366 0.021138
7 0.726257 0.229268 0.011173 0.019512
7 0.895850 0.261789 0.015164 0.026016
7 0.805267 0.595935 0.012769 0.024390
7 0.631684 0.691870 0.013567 0.021138
0 0.633280 0.573171 0.051875 0.040650
0 0.319234 0.526829 0.055866 0.048780
0 0.281325 0.274797 0.027933 0.091057
0 0.020750 0.331707 0.041500 0.042276
0 0.354749 0.860163 0.032721 0.097561
0 0.272945 0.955285 0.028731 0.082927
5 0.387071 0.300813 0.020750 0.032520
5 0.494014 0.664228 0.025539 0.021138
4 0.361931 0.391870 0.016760 0.039024
0 0.383081 0.039326 0.025539 0.069021
0 0.116520 0.632773 0.062251 0.045378
0 0.045491 0.635294 0.054270 0.043697
3 0.082203 0.395798 0.071828 0.052101
7 0.895850 0.238655 0.011971 0.016807
7 0.503591 0.154622 0.011173 0.020168
7 0.710694 0.232773 0.011971 0.018487
7 0.023144 0.252101 0.015962 0.020168
0 0.281724 0.865546 0.030327 0.094118
0 0.396648 0.642857 0.041500 0.099160
0 0.330407 0.747899 0.031923 0.100840
