7 0.712291 0.230081 0.013567 0.021138
7 0.725858 0.226016 0.013567 0.026016
7 0.929769 0.266667 0.014366 0.026016
7 0.608140 0.694309 0.012769 0.035772
7 0.525140 0.607317 0.012769 0.017886
7 0.007183 0.633333 0.014366 0.021138
0 0.021149 0.338211 0.037510 0.035772
0 0.278532 0.276423 0.028731 0.097561
0 0.112530 0.633333 0.060654 0.050407
0 0.280926 0.865854 0.027135 0.089431
0 0.271349 0.958537 0.025539 0.076423
0 0.362729 0.895122 0.032721 0.089431
0 0.535116 0.500813 0.058260 0.048780
0 0.633679 0.574797 0.057462 0.050407
0 0.678771 0.412195 0.058260 0.043902
0 0.392658 0.324390 0.035116 0.092683
4 0.399042 0.659350 0.020750 0.034146
4 0.416201 0.033333 0.010375 0.053659
4 0.110535 0.415447 0.031125 0.021138
6 0.521947 0.585366 0.036712 0.042276
1 0.416201 0.203252 0.034318 0.107317
0 0.383480 0.038523 0.024741 0.067416
7 0.022346 0.256303 0.017558 0.021849
7 0.075818 0.679832 0.012769 0.018487
7 0.505986 0.152941 0.011173 0.020168
7 0.370311 0.217647 0.011173 0.021849
7 0.333200 0.266387 0.011971 0.018487
7 0.316042 0.298319 0.011173 0.021849
0 0.826018 0.335294 0.063847 0.052101
0 0.257781 0.514286 0.054270 0.043697
0 0.088986 0.511765 0.055068 0.042017
0 0.045092 0.637815 0.058260 0.042017
7 0.357941 0.216807 0.011971 0.023529
