7 0.471269 0.200000 0.010375 0.026016
7 0.199521 0.313821 0.017558 0.019512
7 0.264565 0.311382 0.013567 0.024390
7 0.379489 0.284553 0.011971 0.026016
7 0.317239 0.234959 0.013567 0.021138
7 0.721468 0.223577 0.012769 0.021138
7 0.736632 0.220325 0.012769 0.024390
7 0.677973 0.655285 0.015164 0.016260
7 0.511173 0.142276 0.010375 0.017886
7 0.526337 0.152033 0.010375 0.021138
7 0.057861 0.245528 0.018356 0.026016
0 0.110934 0.633333 0.060654 0.043902
0 0.285714 0.512195 0.059058 0.048780
0 0.463288 0.263415 0.029529 0.107317
0 0.550678 0.501626 0.049481 0.043902
0 0.640463 0.569106 0.053472 0.052033
0 0.549481 0.628455 0.040702 0.105691
0 0.273344 0.956098 0.031125 0.074797
0 0.365922 0.897561 0.031125 0.094309
4 0.624900 0.147154 0.012769 0.047154
5 0.610535 0.242276 0.015962 0.032520
1 0.626097 0.461789 0.053472 0.055285
0 0.836393 0.329412 0.065443 0.050420
0 0.041899 0.636975 0.055068 0.043697
0 0.282522 0.868067 0.028731 0.099160
0 0.416201 0.235294 0.031125 0.104202
7 0.371109 0.131933 0.014366 0.025210
7 0.258579 0.257983 0.011173 0.021849
7 0.278931 0.278151 0.013567 0.021849
