7 0.677175 0.653659 0.015164 0.022764
7 0.712291 0.250407 0.013567 0.022764
7 0.721868 0.225203 0.008779 0.024390
7 0.740223 0.217073 0.011971 0.024390
7 0.597366 0.131707 0.016760 0.029268
7 0.640064 0.083740 0.009577 0.021138
7 0.649641 0.030894 0.014366 0.019512
7 0.246209 0.577236 0.015164 0.013008
7 0.197127 0.316260 0.015962 0.014634
7 0.262171 0.308130 0.016760 0.024390
7 0.058659 0.248780 0.024741 0.019512
7 0.371907 0.128455 0.011173 0.016260
0 0.043496 0.633333 0.050279 0.043902
0 0.366321 0.734959 0.031923 0.087805
0 0.366321 0.900000 0.030327 0.095935
0 0.307263 0.952846 0.025539 0.081301
0 0.283320 0.863415 0.028731 0.091057
0 0.278532 0.954472 0.028731 0.078049
0 0.551875 0.633333 0.037510 0.102439
0 0.640463 0.571545 0.055068 0.053659
0 0.782123 0.567480 0.062251 0.052033
0 0.894653 0.473984 0.057462 0.056911
6 0.751796 0.514634 0.033520 0.040650
4 0.496409 0.319512 0.017558 0.047154
4 0.663607 0.336585 0.019952 0.026016
4 0.337590 0.492683 0.028731 0.026016
4 0.334397 0.421138 0.025539 0.039024
0 0.837191 0.329412 0.067039 0.050420
0 0.473663 0.212605 0.029529 0.112605
0 0.109737 0.633613 0.059856 0.047059
0 0.146449 0.401681 0.059856 0.043697
7 0.510774 0.142017 0.011173 0.018487
7 0.316840 0.231933 0.012769 0.023529
7 0.261373 0.257143 0.010375 0.020168
