7 0.052275 0.247967 0.021548 0.021138
7 0.349561 0.295122 0.009577 0.024390
7 0.362330 0.106504 0.007981 0.021138
7 0.408619 0.121138 0.011173 0.024390
7 0.605347 0.182114 0.011971 0.016260
7 0.644453 0.033333 0.011971 0.021138
7 0.722267 0.221138 0.009577 0.016260
7 0.738627 0.217886 0.008779 0.019512
7 0.677574 0.653659 0.015962 0.022764
7 0.496808 0.219512 0.008779 0.026016
7 0.513168 0.144715 0.012769 0.019512
7 0.372306 0.128455 0.011971 0.016260
0 0.043097 0.634146 0.054270 0.042276
0 0.111732 0.634146 0.055866 0.045528
0 0.277334 0.956098 0.024741 0.074797
0 0.365523 0.899187 0.028731 0.097561
0 0.553472 0.633333 0.042298 0.105691
4 0.625698 0.151220 0.012769 0.045528
7 0.918994 0.265854 0.010375 0.024390
7 0.262570 0.305882 0.014366 0.023529
7 0.199521 0.315966 0.014366 0.020168
3 0.489226 0.323529 0.049481 0.129412
0 0.837191 0.328571 0.070231 0.052101
0 0.641660 0.570588 0.057462 0.048739
0 0.284118 0.870588 0.031923 0.094118
0 0.032721 0.513445 0.059058 0.045378
0 0.735435 0.493277 0.061453 0.045378
7 0.316840 0.230252 0.014366 0.023529
7 0.259777 0.257983 0.010375 0.021849
