7 0.055469 0.248611 0.016667 0.025926
7 0.020313 0.246991 0.011979 0.016204
7 0.718750 0.223611 0.015104 0.017593
7 0.735417 0.225231 0.010417 0.024537
7 0.836719 0.364352 0.011979 0.019444
7 0.722656 0.456019 0.015104 0.021296
7 0.709896 0.639120 0.015104 0.022685
7 0.675781 0.690278 0.013542 0.030556
7 0.913802 0.263426 0.009375 0.023148
0 0.544271 0.603935 0.046354 0.102315
0 0.631250 0.493287 0.047917 0.035648
0 0.638802 0.574074 0.059896 0.045370
0 0.843620 0.431713 0.060677 0.046759
0 0.925781 0.422685 0.052604 0.045370
0 0.875911 0.509722 0.051823 0.043519
1 0.764193 0.410417 0.071094 0.056944
2 0.462891 0.230787 0.059115 0.256944
6 0.373568 0.402315 0.036719 0.040741
4 0.403516 0.493519 0.027865 0.027778
7 0.518356 0.142857 0.008779 0.016807
7 0.508779 0.142857 0.010375 0.020168
0 0.836792 0.328571 0.067837 0.052101
0 0.019154 0.328571 0.036712 0.042017
0 0.365124 0.896639 0.029529 0.102521
0 0.284118 0.869748 0.030327 0.092437
0 0.111333 0.634454 0.063049 0.048739
0 0.042698 0.635294 0.055068 0.047059
7 0.325619 0.215126 0.007981 0.016807
0 0.275339 0.957983 0.031923 0.080672
