7 0.709896 0.231713 0.010417 0.027315
7 0.725391 0.232639 0.009635 0.022685
7 0.505990 0.150463 0.010937 0.021296
7 0.125000 0.296065 0.010417 0.016204
7 0.025911 0.253704 0.016927 0.019444
7 0.502344 0.565741 0.010417 0.025926
7 0.895443 0.258565 0.011198 0.019907
7 0.909766 0.247222 0.011198 0.012963
7 0.895443 0.240741 0.014323 0.012963
0 0.546224 0.076389 0.023177 0.081481
0 0.279818 0.270833 0.027865 0.099074
0 0.020443 0.332407 0.040365 0.040741
0 0.274479 0.956944 0.027083 0.079630
6 0.512760 0.548611 0.031250 0.040741
0 0.383854 0.040741 0.027083 0.072222
4 0.862500 0.336343 0.020833 0.039352
0 0.281325 0.860504 0.029529 0.090756
0 0.220271 0.568067 0.055866 0.050420
0 0.138468 0.427731 0.055068 0.042017
6 0.319633 0.408403 0.034318 0.040336
0 0.633679 0.572269 0.054270 0.048739
