7 0.341927 0.235648 0.011979 0.019444
7 0.059896 0.250463 0.022396 0.019444
7 0.021094 0.250231 0.015104 0.022685
7 0.650781 0.035648 0.011979 0.025926
7 0.674740 0.238889 0.010417 0.025926
7 0.717969 0.225231 0.013542 0.018056
7 0.734245 0.222917 0.014323 0.029167
7 0.702083 0.467130 0.010937 0.017593
7 0.562630 0.615509 0.012760 0.024537
0 0.441797 0.546296 0.053385 0.081481
0 0.549089 0.633333 0.036719 0.099074
0 0.333203 0.746296 0.023177 0.094444
0 0.365495 0.896065 0.028906 0.104167
0 0.059766 0.506481 0.063802 0.047222
0 0.019922 0.330093 0.035156 0.038889
1 0.637240 0.473148 0.056771 0.042593
6 0.899479 0.412037 0.043229 0.034259
7 0.713932 0.477083 0.015365 0.018056
7 0.344374 0.258824 0.008779 0.023529
7 0.327614 0.216807 0.010375 0.020168
7 0.518755 0.137815 0.007981 0.020168
0 0.835595 0.331092 0.063847 0.047059
0 0.640463 0.570588 0.055068 0.048739
0 0.110535 0.633613 0.063049 0.047059
0 0.044693 0.636134 0.055866 0.045378
0 0.284118 0.868067 0.030327 0.092437
0 0.277334 0.956303 0.032721 0.080672
