7 0.280469 0.739815 0.018229 0.016667
7 0.239844 0.897454 0.015104 0.029167
7 0.405729 0.712963 0.015104 0.014815
7 0.719141 0.224306 0.009635 0.022685
7 0.735807 0.223611 0.008073 0.021296
7 0.651563 0.071528 0.008854 0.022685
7 0.673568 0.080556 0.011198 0.024074
7 0.654818 0.009954 0.015365 0.016204
7 0.198698 0.316204 0.016146 0.024074
0 0.377865 0.489352 0.063021 0.045370
0 0.549089 0.630093 0.039844 0.102778
0 0.640885 0.574074 0.051042 0.045370
0 0.757422 0.488426 0.055990 0.047222
0 0.808464 0.564352 0.060677 0.058333
0 0.366406 0.895139 0.027083 0.102315
0 0.285286 0.869907 0.027865 0.090741
0 0.276823 0.960880 0.025521 0.074537
0 0.110026 0.634954 0.060677 0.043981
0 0.042188 0.635648 0.049479 0.038889
5 0.636068 0.510417 0.027344 0.016204
2 0.467187 0.214583 0.059896 0.243981
1 0.915755 0.401620 0.071094 0.055093
1 0.377083 0.657870 0.045312 0.099074
0 0.327614 0.339496 0.056664 0.047059
0 0.837191 0.331092 0.067039 0.050420
4 0.408619 0.180672 0.014366 0.062185
7 0.511173 0.141176 0.008779 0.016807
7 0.264565 0.278992 0.011971 0.020168
7 0.259777 0.258824 0.008779 0.016807
6 0.134876 0.355462 0.043097 0.038655
7 0.308460 0.252941 0.015164 0.021849
