7 0.061068 0.254398 0.016927 0.020833
7 0.718750 0.227546 0.010417 0.022685
7 0.734635 0.224306 0.013542 0.022685
0 0.383073 0.660880 0.034896 0.085648
0 0.604557 0.294213 0.045573 0.084722
0 0.367057 0.897454 0.033594 0.097685
0 0.277344 0.956713 0.026562 0.076389
5 0.510417 0.394444 0.032813 0.014815
1 0.475260 0.275694 0.040625 0.128241
1 0.784505 0.492593 0.129427 0.064815
1 0.385937 0.409722 0.063021 0.042593
5 0.853516 0.381944 0.026302 0.012963
4 0.189453 0.552083 0.024740 0.037500
7 0.745012 0.625210 0.008779 0.020168
7 0.747406 0.612605 0.010375 0.018487
0 0.831604 0.332773 0.065443 0.050420
0 0.621708 0.486555 0.057462 0.045378
0 0.639266 0.573109 0.054270 0.047059
1 0.474461 0.487395 0.058260 0.043697
0 0.291700 0.510924 0.058260 0.050420
0 0.114924 0.633613 0.062251 0.047059
0 0.046688 0.635294 0.055068 0.040336
0 0.021548 0.330252 0.038308 0.042017
7 0.130886 0.295798 0.012769 0.013445
7 0.130886 0.279832 0.012769 0.018487
7 0.325619 0.221008 0.007981 0.018487
7 0.507582 0.151261 0.011173 0.023529
0 0.285714 0.864706 0.030327 0.092437
7 0.026736 0.250420 0.016760 0.020168
