7 0.033919 0.269106 0.019952 0.021138
7 0.200319 0.317073 0.019154 0.019512
7 0.311652 0.218699 0.013567 0.021138
7 0.377494 0.177236 0.009577 0.019512
7 0.373903 0.126016 0.015164 0.027642
7 0.719473 0.222764 0.010375 0.019512
7 0.736632 0.220325 0.012769 0.021138
7 0.534318 0.653659 0.010375 0.029268
0 0.640463 0.570732 0.055068 0.052033
0 0.667997 0.482927 0.059058 0.052033
0 0.362729 0.439024 0.039106 0.100813
0 0.364725 0.899187 0.028731 0.094309
0 0.276536 0.959350 0.027933 0.074797
0 0.551875 0.630894 0.039106 0.100813
4 0.499601 0.501626 0.030327 0.017886
4 0.600958 0.227642 0.015962 0.035772
0 0.282921 0.870588 0.031125 0.094118
0 0.110934 0.633613 0.063847 0.050420
0 0.041500 0.634454 0.055866 0.045378
0 0.839186 0.327731 0.066241 0.053782
0 0.398244 0.272269 0.033520 0.087395
7 0.809657 0.589916 0.018356 0.026891
7 0.053871 0.247059 0.018356 0.020168
7 0.266161 0.307563 0.018356 0.026891
7 0.510774 0.140336 0.011173 0.021849
7 0.620112 0.130252 0.015962 0.035294
7 0.257781 0.257983 0.009577 0.021849
