7 0.201516 0.316260 0.015164 0.021138
7 0.057462 0.248780 0.014366 0.019512
7 0.268955 0.307317 0.015962 0.019512
7 0.306464 0.267480 0.011173 0.017886
7 0.334796 0.247154 0.010375 0.016260
7 0.317239 0.231707 0.011971 0.021138
7 0.720670 0.221138 0.012769 0.022764
7 0.738627 0.221138 0.008779 0.026016
7 0.373903 0.130894 0.010375 0.024390
0 0.027534 0.505691 0.051875 0.039024
0 0.043496 0.635772 0.051875 0.045528
0 0.112131 0.634959 0.063049 0.050407
0 0.423384 0.589431 0.051875 0.076423
0 0.549880 0.633333 0.044693 0.105691
0 0.641660 0.569106 0.055866 0.048780
0 0.457302 0.112195 0.028731 0.110569
0 0.365523 0.898374 0.030327 0.099187
0 0.284118 0.864228 0.031923 0.099187
0 0.278532 0.954472 0.028731 0.078049
1 0.492019 0.326016 0.035914 0.089431
3 0.870311 0.499187 0.067837 0.055285
4 0.624900 0.152033 0.012769 0.043902
0 0.834796 0.327731 0.068635 0.053782
5 0.705108 0.369748 0.024741 0.020168
7 0.675978 0.653782 0.012769 0.020168
7 0.511173 0.144538 0.010375 0.016807
7 0.496010 0.221008 0.010375 0.021849
7 0.258978 0.260504 0.010375 0.023529
