7 0.057031 0.250463 0.019792 0.019444
7 0.020313 0.250463 0.015104 0.019444
7 0.518750 0.669907 0.010937 0.016667
7 0.727344 0.643750 0.013542 0.022685
7 0.721484 0.227778 0.012760 0.019444
7 0.735026 0.223611 0.012760 0.021296
0 0.639714 0.574074 0.056510 0.045370
0 0.549870 0.634954 0.039844 0.102315
0 0.403255 0.309259 0.029427 0.087963
0 0.365885 0.900000 0.037500 0.099074
1 0.630469 0.468981 0.057292 0.047222
7 0.264964 0.278151 0.011173 0.021849
7 0.328811 0.216807 0.011173 0.016807
0 0.276935 0.957983 0.031923 0.077311
0 0.284517 0.867227 0.031125 0.090756
7 0.259377 0.878151 0.015962 0.028571
7 0.703911 0.472269 0.014366 0.020168
0 0.019952 0.331933 0.035116 0.045378
0 0.112131 0.635294 0.061453 0.050420
0 0.045491 0.637815 0.054270 0.048739
7 0.259777 0.262185 0.008779 0.016807
0 0.835595 0.330252 0.065443 0.052101
7 0.539904 0.173109 0.010375 0.020168
7 0.506784 0.147059 0.009577 0.018487
