7 0.023958 0.255324 0.014583 0.022685
7 0.195052 0.301620 0.013542 0.014352
7 0.203516 0.321991 0.015885 0.016204
7 0.363542 0.225231 0.010417 0.024537
7 0.396745 0.062731 0.011198 0.024537
7 0.507292 0.153704 0.011979 0.017593
7 0.712240 0.234954 0.010417 0.018056
7 0.727865 0.227778 0.010937 0.025926
0 0.019531 0.333333 0.037500 0.042593
0 0.281380 0.274769 0.027865 0.087500
0 0.194401 0.558565 0.050260 0.050463
0 0.112891 0.639815 0.056510 0.053704
0 0.046354 0.635648 0.052604 0.051852
0 0.371484 0.686111 0.034115 0.081481
0 0.467187 0.531713 0.064583 0.071759
0 0.408984 0.334028 0.029427 0.095833
0 0.473177 0.316204 0.028646 0.109259
0 0.419010 0.208796 0.030208 0.099074
0 0.436458 0.055324 0.025521 0.093981
0 0.634115 0.573843 0.056771 0.048611
0 0.365104 0.896065 0.029687 0.097685
0 0.275260 0.955324 0.028646 0.076389
6 0.643490 0.501620 0.036979 0.031019
6 0.523177 0.587731 0.032813 0.037500
5 0.404167 0.096759 0.013542 0.047222
5 0.608984 0.161806 0.012760 0.037500
0 0.384245 0.037037 0.026302 0.067593
0 0.827215 0.333613 0.069433 0.052101
7 0.350359 0.766387 0.014366 0.023529
7 0.318835 0.298319 0.011971 0.021849
0 0.284118 0.868908 0.030327 0.090756
