7 0.055068 0.248780 0.020750 0.019512
7 0.192737 0.283740 0.015164 0.017886
7 0.201915 0.319512 0.012769 0.021138
7 0.268555 0.309756 0.015164 0.024390
7 0.382283 0.178862 0.012769 0.026016
7 0.687949 0.256098 0.009577 0.017886
7 0.692338 0.286992 0.010375 0.021138
7 0.719872 0.220325 0.011173 0.021138
7 0.737031 0.217073 0.011971 0.017886
7 0.534318 0.649593 0.010375 0.024390
7 0.715483 0.371545 0.010375 0.021138
7 0.373105 0.126829 0.011971 0.016260
0 0.331205 0.487805 0.051077 0.045528
0 0.285315 0.378862 0.053472 0.045528
0 0.043895 0.633333 0.047885 0.047154
0 0.024741 0.558537 0.044693 0.047154
0 0.277733 0.960163 0.030327 0.073171
0 0.366321 0.899187 0.031923 0.091057
0 0.553472 0.634146 0.040702 0.100813
0 0.641261 0.569919 0.055068 0.050407
4 0.621708 0.147154 0.019154 0.043902
4 0.444932 0.607317 0.027933 0.034146
6 0.111333 0.513008 0.043895 0.034146
7 0.511173 0.142857 0.010375 0.020168
0 0.110535 0.634454 0.059856 0.048739
0 0.837590 0.327731 0.066241 0.053782
0 0.284916 0.868908 0.030327 0.100840
7 0.314844 0.221008 0.011971 0.021849
7 0.261373 0.258824 0.008779 0.016807
