7 0.079409 0.352033 0.015164 0.024390
7 0.239824 0.323577 0.016760 0.026016
7 0.312849 0.300813 0.015962 0.022764
7 0.710694 0.226016 0.013567 0.026016
7 0.729449 0.223577 0.011173 0.021138
7 0.225459 0.689431 0.018356 0.016260
7 0.288907 0.216260 0.014366 0.016260
7 0.660415 0.093496 0.013567 0.027642
7 0.355946 0.212195 0.011173 0.017886
0 0.021548 0.332520 0.038308 0.040650
0 0.277733 0.269919 0.035116 0.087805
0 0.044294 0.631707 0.051875 0.040650
0 0.327215 0.807317 0.028731 0.112195
0 0.370710 0.450407 0.035914 0.097561
0 0.634078 0.571545 0.058260 0.047154
0 0.645251 0.395935 0.058260 0.040650
0 0.274541 0.954472 0.025539 0.078049
0 0.366321 0.891870 0.036712 0.095935
4 0.370311 0.664228 0.014366 0.043902
6 0.799681 0.514634 0.031923 0.040650
0 0.385076 0.034510 0.024741 0.065811
0 0.828412 0.330252 0.063847 0.045378
0 0.112530 0.627731 0.059058 0.048739
0 0.283719 0.859664 0.031125 0.092437
6 0.069433 0.502521 0.044693 0.040336
7 0.055467 0.384874 0.021548 0.020168
7 0.022745 0.247899 0.015164 0.015126
7 0.507582 0.149580 0.011173 0.020168
