7 0.125698 0.691057 0.011971 0.019512
7 0.016361 0.248780 0.013567 0.016260
7 0.365523 0.157724 0.012769 0.026016
7 0.729050 0.226016 0.011971 0.022764
7 0.886273 0.269919 0.013567 0.026016
7 0.661213 0.697561 0.011971 0.019512
7 0.523543 0.602439 0.017558 0.017886
7 0.007582 0.628455 0.013567 0.017886
0 0.020351 0.329268 0.034318 0.043902
0 0.043496 0.504065 0.063049 0.052033
0 0.109338 0.630894 0.060654 0.052033
0 0.328811 0.513008 0.054270 0.040650
0 0.395052 0.318699 0.038308 0.087805
0 0.276935 0.269106 0.030327 0.095935
0 0.630088 0.571545 0.055068 0.037398
0 0.728651 0.482114 0.057462 0.043902
0 0.364725 0.895122 0.033520 0.092683
0 0.273743 0.954472 0.031923 0.078049
1 0.416201 0.198374 0.031125 0.097561
4 0.411812 0.607317 0.022346 0.037398
4 0.413408 0.113008 0.011173 0.050407
4 0.279729 0.556098 0.027933 0.022764
6 0.521149 0.582114 0.035116 0.035772
0 0.381883 0.033708 0.024741 0.064205
0 0.280128 0.865546 0.030327 0.094118
0 0.544294 0.498319 0.052674 0.038655
0 0.827215 0.332773 0.066241 0.050420
7 0.711093 0.227731 0.012769 0.021849
7 0.363128 0.207563 0.012769 0.021849
7 0.354749 0.213445 0.008779 0.020168
7 0.313248 0.296639 0.010375 0.021849
0 0.203512 0.509244 0.051077 0.043697
0 0.041899 0.638655 0.055068 0.043697
0 0.464884 0.418487 0.059856 0.050420
7 0.503591 0.147899 0.011173 0.020168
