7 0.663208 0.683740 0.012769 0.014634
7 0.716281 0.228455 0.008779 0.014634
7 0.733839 0.226016 0.010375 0.013008
7 0.061053 0.250407 0.015164 0.019512
7 0.024741 0.252846 0.014366 0.014634
0 0.472865 0.251220 0.026337 0.108943
0 0.417797 0.078862 0.026337 0.115447
0 0.639665 0.570732 0.053472 0.048780
0 0.351556 0.791057 0.042298 0.099187
0 0.363927 0.895935 0.028731 0.091057
0 0.284517 0.865041 0.026337 0.094309
6 0.415403 0.250407 0.026337 0.061789
2 0.575419 0.100000 0.043097 0.196748
4 0.384677 0.081301 0.014366 0.048780
0 0.832402 0.331092 0.063847 0.047059
0 0.474860 0.492437 0.060654 0.047059
0 0.383879 0.391597 0.033520 0.087395
0 0.112530 0.633613 0.063847 0.047059
0 0.044693 0.635294 0.055866 0.040336
0 0.020351 0.405042 0.039106 0.043697
0 0.020351 0.331933 0.040702 0.038655
0 0.274541 0.957983 0.030327 0.077311
7 0.324820 0.217647 0.006385 0.015126
7 0.503990 0.146218 0.007183 0.016807
