7 0.320032 0.817886 0.015962 0.026016
7 0.057462 0.247967 0.017558 0.024390
7 0.019553 0.244715 0.015164 0.024390
7 0.719872 0.225203 0.014366 0.024390
7 0.735834 0.219512 0.017558 0.019512
7 0.793695 0.583740 0.013567 0.026016
0 0.111732 0.634146 0.059058 0.042276
0 0.018356 0.330081 0.036712 0.035772
0 0.551476 0.630894 0.038308 0.100813
0 0.638468 0.571545 0.051077 0.047154
0 0.367119 0.897561 0.031923 0.094309
0 0.283719 0.867480 0.031125 0.086179
0 0.274940 0.956098 0.031125 0.081301
4 0.416999 0.412195 0.027933 0.017886
1 0.464086 0.267480 0.040702 0.102439
7 0.263767 0.284034 0.011971 0.016807
7 0.262171 0.263025 0.010375 0.018487
7 0.326816 0.218487 0.010375 0.020168
0 0.756185 0.489916 0.056664 0.048739
0 0.043496 0.636975 0.055068 0.047059
0 0.836792 0.331092 0.067837 0.047059
7 0.510375 0.169748 0.008779 0.023529
7 0.509976 0.144538 0.009577 0.020168
