7 0.348828 0.274769 0.014323 0.019907
7 0.340755 0.241435 0.009635 0.020833
7 0.265365 0.261806 0.013542 0.016204
7 0.202474 0.321065 0.014323 0.014352
7 0.413021 0.709028 0.011979 0.016204
7 0.389062 0.754630 0.013542 0.019444
7 0.705859 0.498380 0.016927 0.020833
7 0.774870 0.608796 0.012760 0.021296
7 0.796875 0.600694 0.010417 0.024537
7 0.914714 0.247222 0.012760 0.025926
7 0.740234 0.222685 0.010156 0.012963
7 0.655729 0.073148 0.010417 0.025926
7 0.656510 0.013194 0.013542 0.022685
0 0.327995 0.341435 0.054427 0.048611
0 0.114193 0.634954 0.062240 0.050463
0 0.045833 0.633333 0.055729 0.047222
0 0.286458 0.865046 0.026562 0.093981
0 0.276953 0.957639 0.028906 0.078241
0 0.366667 0.897222 0.031250 0.097222
0 0.549870 0.632639 0.038281 0.097685
0 0.641667 0.571528 0.051042 0.040278
0 0.809245 0.564120 0.062240 0.048611
0 0.306510 0.675694 0.040625 0.094907
4 0.654036 0.492593 0.030990 0.025926
0 0.431365 0.212605 0.029529 0.105882
7 0.266161 0.309244 0.011971 0.020168
0 0.837191 0.330252 0.067039 0.048739
0 0.352753 0.475630 0.033520 0.090756
7 0.721468 0.222689 0.011173 0.021849
7 0.511572 0.146218 0.009577 0.016807
7 0.288907 0.211765 0.012769 0.020168
