7 0.426576 0.082927 0.015164 0.026016
7 0.662410 0.093496 0.014366 0.021138
7 0.718276 0.223577 0.007981 0.024390
7 0.731445 0.224390 0.015164 0.019512
0 0.320830 0.489431 0.057462 0.084553
0 0.561852 0.094309 0.035116 0.094309
0 0.640463 0.569106 0.056664 0.042276
0 0.877893 0.502439 0.062251 0.055285
0 0.368316 0.897561 0.035914 0.087805
0 0.021149 0.329268 0.040702 0.040650
5 0.687550 0.353659 0.029529 0.021138
5 0.237430 0.573984 0.029529 0.019512
6 0.618117 0.499187 0.034318 0.039024
4 0.385076 0.080488 0.013567 0.066667
7 0.324820 0.219328 0.006385 0.015126
0 0.832402 0.331933 0.065443 0.052101
0 0.588188 0.411765 0.054270 0.047059
0 0.283719 0.865546 0.032721 0.094118
0 0.274940 0.954622 0.034318 0.080672
0 0.112131 0.633613 0.061453 0.053782
0 0.045890 0.631933 0.055068 0.043697
0 0.468476 0.287395 0.025539 0.107563
0 0.027135 0.403361 0.052674 0.047059
7 0.057462 0.249580 0.014366 0.025210
7 0.021947 0.249580 0.015164 0.018487
7 0.506784 0.147059 0.012769 0.021849
