7 0.728651 0.230081 0.014366 0.021138
7 0.711891 0.232520 0.011173 0.022764
7 0.507981 0.154472 0.013567 0.013008
7 0.365124 0.230081 0.010375 0.021138
7 0.319234 0.294309 0.011173 0.019512
7 0.252993 0.335772 0.009577 0.024390
7 0.024342 0.254472 0.013567 0.024390
7 0.394254 0.724390 0.012769 0.027642
7 0.481644 0.660976 0.013567 0.021138
7 0.357941 0.217073 0.010375 0.017886
7 0.395850 0.053659 0.009577 0.019512
0 0.276935 0.961789 0.031923 0.073171
0 0.365523 0.893496 0.031923 0.086179
0 0.281724 0.275610 0.028731 0.095935
0 0.434956 0.070732 0.025539 0.099187
0 0.471668 0.326829 0.028731 0.110569
0 0.387071 0.413821 0.036712 0.092683
0 0.448524 0.547967 0.044693 0.058537
6 0.522745 0.584553 0.035116 0.040650
0 0.384677 0.036918 0.022346 0.067416
0 0.826417 0.334454 0.066241 0.053782
0 0.634078 0.571429 0.056664 0.043697
0 0.696728 0.490756 0.060654 0.047059
0 0.021548 0.334454 0.043097 0.040336
0 0.416999 0.221008 0.026337 0.102521
0 0.114126 0.633613 0.057462 0.047059
0 0.047885 0.634454 0.052674 0.042017
0 0.320830 0.767227 0.028731 0.089076
5 0.401836 0.085714 0.013567 0.047059
0 0.284118 0.868067 0.028731 0.089076
