7 0.512760 0.141435 0.010417 0.016204
7 0.719922 0.226157 0.011198 0.022685
7 0.738932 0.219444 0.009635 0.019444
7 0.780990 0.582870 0.013542 0.017593
7 0.537109 0.660185 0.014323 0.019444
7 0.267708 0.311343 0.015104 0.024537
7 0.061458 0.251157 0.022396 0.018056
7 0.204297 0.319444 0.014323 0.021296
7 0.856380 0.630787 0.015885 0.022685
0 0.552995 0.632639 0.039844 0.110648
0 0.663151 0.412269 0.060677 0.043981
0 0.572656 0.044907 0.021354 0.088889
4 0.438151 0.565972 0.022135 0.035648
3 0.392318 0.053009 0.030990 0.095833
0 0.835595 0.329412 0.070231 0.053782
0 0.503192 0.503361 0.059856 0.045378
0 0.367119 0.896639 0.030327 0.102521
0 0.285714 0.867227 0.033520 0.097479
0 0.277334 0.957983 0.031125 0.077311
0 0.112929 0.634454 0.063049 0.048739
0 0.046289 0.636975 0.054270 0.043697
0 0.189545 0.366387 0.047087 0.043697
0 0.641660 0.572269 0.055866 0.045378
7 0.368715 0.144538 0.011173 0.016807
7 0.368316 0.078992 0.011971 0.023529
7 0.314445 0.222689 0.009577 0.018487
7 0.258978 0.259664 0.010375 0.025210
