7 0.364323 0.016435 0.010417 0.029167
7 0.192708 0.300000 0.013542 0.021296
7 0.059896 0.255093 0.017708 0.019444
7 0.024349 0.253472 0.013802 0.016204
7 0.426563 0.656019 0.013542 0.027778
7 0.508854 0.150463 0.015104 0.017593
7 0.829688 0.361806 0.013542 0.020833
7 0.801953 0.356019 0.012760 0.019444
7 0.715495 0.229167 0.010156 0.019444
7 0.733073 0.230093 0.011979 0.021296
7 0.263802 0.892593 0.011979 0.019444
0 0.042708 0.637500 0.053646 0.045370
0 0.363932 0.895139 0.030469 0.095833
0 0.639193 0.575463 0.059115 0.045370
0 0.737891 0.490972 0.051823 0.042130
4 0.612240 0.494444 0.025521 0.025926
0 0.385807 0.036111 0.026302 0.062963
0 0.828412 0.334454 0.063847 0.047059
0 0.578212 0.164706 0.031125 0.080672
0 0.280128 0.274790 0.031923 0.095798
0 0.021149 0.332773 0.039106 0.043697
0 0.112131 0.635294 0.063049 0.050420
0 0.282921 0.869748 0.029529 0.095798
0 0.274142 0.956303 0.031125 0.077311
7 0.323224 0.224370 0.009577 0.021849
7 0.333599 0.227731 0.011173 0.021849
