7 0.320830 0.265854 0.015962 0.017886
7 0.249800 0.967480 0.014366 0.032520
7 0.353551 0.031707 0.012769 0.024390
7 0.711492 0.226016 0.011971 0.022764
7 0.729050 0.225203 0.010375 0.030894
7 0.709497 0.445528 0.009577 0.022764
7 0.277733 0.546341 0.014366 0.026016
7 0.395052 0.138211 0.014366 0.016260
7 0.281724 0.217886 0.014366 0.016260
0 0.280926 0.274797 0.030327 0.094309
0 0.466480 0.318699 0.027933 0.100813
0 0.636472 0.573171 0.055068 0.047154
0 0.363528 0.890244 0.031125 0.092683
0 0.274142 0.952033 0.027933 0.086179
1 0.550279 0.296748 0.048683 0.118699
4 0.340782 0.525203 0.020750 0.052033
0 0.385874 0.035313 0.024741 0.067416
7 0.508380 0.151261 0.012769 0.020168
0 0.827215 0.333613 0.067837 0.052101
0 0.457702 0.153782 0.026337 0.085714
0 0.283320 0.863866 0.030327 0.087395
0 0.344374 0.792437 0.032721 0.085714
0 0.112131 0.631933 0.061453 0.050420
0 0.046289 0.633613 0.054270 0.043697
0 0.020750 0.331092 0.041500 0.047059
7 0.022745 0.252101 0.015164 0.020168
7 0.059856 0.250420 0.012769 0.020168
