5 0.480339 0.663194 0.025260 0.024537
7 0.679557 0.221991 0.010156 0.027315
7 0.721484 0.226157 0.011198 0.022685
7 0.736979 0.222685 0.013542 0.019444
7 0.507682 0.144907 0.011198 0.019444
0 0.320443 0.861806 0.023177 0.093981
0 0.363151 0.896759 0.027344 0.089815
0 0.113411 0.632407 0.060677 0.045370
0 0.410156 0.495139 0.047917 0.037500
0 0.586198 0.421991 0.059896 0.040278
0 0.796875 0.414583 0.053646 0.039352
0 0.883464 0.414583 0.051302 0.052315
1 0.339974 0.401620 0.065365 0.052315
2 0.787240 0.512269 0.139583 0.081019
4 0.475260 0.245602 0.016667 0.052315
7 0.706704 0.417647 0.011971 0.018487
7 0.022346 0.247899 0.014366 0.018487
7 0.056664 0.248739 0.015962 0.023529
0 0.834796 0.331092 0.067039 0.050420
0 0.641261 0.571429 0.056664 0.050420
0 0.574621 0.580672 0.060654 0.045378
7 0.444134 0.089076 0.010375 0.020168
0 0.043895 0.636134 0.054270 0.045378
0 0.021149 0.331092 0.039106 0.043697
0 0.283719 0.867227 0.031125 0.094118
0 0.276137 0.956303 0.033520 0.077311
4 0.385475 0.077311 0.012769 0.057143
7 0.326816 0.218487 0.008779 0.013445
