7 0.026337 0.252846 0.015962 0.021138
7 0.226257 0.310569 0.013567 0.026016
7 0.314046 0.304065 0.015164 0.013008
7 0.359138 0.210569 0.011173 0.024390
7 0.713089 0.230081 0.010375 0.021138
7 0.729050 0.226829 0.011971 0.024390
7 0.862729 0.597561 0.011173 0.021138
7 0.640862 0.626016 0.012769 0.019512
7 0.636073 0.699187 0.012769 0.019512
7 0.077813 0.651220 0.015164 0.021138
7 0.053073 0.665041 0.015164 0.019512
0 0.022346 0.330081 0.043097 0.039024
0 0.280527 0.275610 0.026337 0.095935
0 0.634876 0.573984 0.056664 0.039024
0 0.674381 0.416260 0.049481 0.045528
0 0.765363 0.404065 0.057462 0.047154
0 0.282123 0.863415 0.027933 0.091057
0 0.276536 0.952033 0.034318 0.086179
6 0.531524 0.409756 0.036712 0.035772
6 0.249800 0.404878 0.031923 0.032520
1 0.415403 0.220325 0.034318 0.131707
4 0.458500 0.584553 0.024741 0.037398
0 0.385076 0.033708 0.024741 0.067416
7 0.505986 0.150420 0.011173 0.018487
0 0.112929 0.630252 0.061453 0.053782
0 0.046289 0.631092 0.055866 0.045378
0 0.929370 0.424370 0.056664 0.052101
0 0.506385 0.498319 0.056664 0.058824
0 0.451317 0.446218 0.047087 0.055462
