7 0.617318 0.632520 0.010375 0.016260
7 0.506385 0.152846 0.011971 0.016260
7 0.709497 0.233333 0.011173 0.024390
7 0.727055 0.231707 0.011173 0.024390
7 0.727853 0.268293 0.011173 0.022764
7 0.774142 0.263415 0.011173 0.019512
0 0.421389 0.156911 0.025539 0.108943
0 0.403432 0.308943 0.035914 0.094309
0 0.280128 0.275610 0.025539 0.095935
0 0.098563 0.604878 0.055068 0.055285
0 0.381085 0.656911 0.035914 0.094309
0 0.273743 0.956911 0.027135 0.079675
0 0.517558 0.512195 0.059856 0.052033
0 0.637271 0.482114 0.050279 0.043902
0 0.632881 0.573171 0.054270 0.043902
0 0.730646 0.504878 0.050279 0.043902
5 0.300080 0.621138 0.011173 0.048780
0 0.384677 0.035313 0.025539 0.067416
7 0.900239 0.254622 0.009577 0.021849
7 0.893855 0.245378 0.011173 0.023529
0 0.281325 0.863866 0.029529 0.094118
0 0.021149 0.333613 0.039106 0.042017
0 0.509577 0.416807 0.056664 0.043697
0 0.171987 0.406723 0.053472 0.043697
0 0.216680 0.506723 0.063049 0.048739
7 0.023543 0.252101 0.015164 0.016807
