7 0.728646 0.265046 0.009375 0.019907
7 0.730339 0.229398 0.009635 0.022685
7 0.713411 0.230787 0.011198 0.022685
7 0.365885 0.234028 0.010417 0.016204
7 0.317969 0.284722 0.011979 0.025926
7 0.296094 0.321065 0.014583 0.014352
7 0.023047 0.254398 0.012760 0.018056
7 0.251432 0.553009 0.014323 0.029167
7 0.747786 0.687731 0.015885 0.016204
0 0.278125 0.272222 0.026562 0.086111
0 0.168229 0.516204 0.057292 0.047222
0 0.319531 0.737037 0.027604 0.098148
0 0.389062 0.617824 0.042188 0.091204
0 0.408203 0.321991 0.034115 0.087500
0 0.468490 0.302546 0.031771 0.110648
0 0.595703 0.420139 0.050260 0.043981
0 0.843229 0.503935 0.056771 0.048611
0 0.361979 0.893519 0.031250 0.096296
0 0.284505 0.869907 0.027865 0.097222
0 0.276042 0.956944 0.027083 0.079630
4 0.547396 0.513657 0.027083 0.022685
5 0.298047 0.348148 0.027865 0.025926
0 0.384635 0.036806 0.025521 0.064352
0 0.828811 0.334454 0.064645 0.053782
0 0.713089 0.421849 0.056664 0.043697
0 0.636073 0.569748 0.054270 0.050420
0 0.347167 0.781513 0.031923 0.087395
0 0.021149 0.331933 0.039106 0.045378
7 0.505986 0.149580 0.007981 0.020168
0 0.045491 0.636975 0.054270 0.050420
0 0.111732 0.632773 0.060654 0.048739
