7 0.717478 0.228455 0.012769 0.017886
7 0.732642 0.224390 0.011173 0.016260
0 0.638867 0.569106 0.055068 0.055285
0 0.277733 0.954472 0.033520 0.078049
0 0.325219 0.939837 0.026337 0.087805
0 0.367518 0.892683 0.029529 0.097561
1 0.557462 0.482114 0.136472 0.060163
1 0.473663 0.268293 0.040702 0.136585
1 0.855547 0.438211 0.071828 0.050407
4 0.391860 0.228455 0.012769 0.047154
0 0.283719 0.865546 0.031125 0.094118
0 0.111333 0.634454 0.061453 0.048739
0 0.020750 0.330252 0.038308 0.048739
0 0.832801 0.327731 0.064645 0.050420
7 0.061053 0.249580 0.021548 0.021849
7 0.022745 0.249580 0.016760 0.018487
7 0.324820 0.215966 0.007981 0.018487
7 0.506784 0.147899 0.011173 0.016807
7 0.706305 0.447059 0.009577 0.016807
7 0.711093 0.438655 0.012769 0.020168
0 0.045092 0.632773 0.055068 0.045378
0 0.425778 0.487395 0.061453 0.047059
