7 0.197005 0.276389 0.012760 0.023148
7 0.213932 0.307407 0.012760 0.019444
7 0.313672 0.304167 0.012760 0.025926
7 0.367448 0.136574 0.010417 0.036111
7 0.505990 0.150463 0.013021 0.024074
7 0.713802 0.228472 0.011979 0.018056
7 0.725781 0.227546 0.011979 0.022685
0 0.020313 0.326852 0.037500 0.042593
0 0.278906 0.268981 0.029687 0.092593
0 0.411458 0.259028 0.029687 0.092130
0 0.583724 0.492593 0.051823 0.051852
0 0.631641 0.570833 0.051823 0.045370
0 0.716667 0.495833 0.052604 0.045370
0 0.876302 0.500926 0.046354 0.045370
0 0.351172 0.864120 0.030469 0.095833
0 0.275391 0.955324 0.030469 0.076389
0 0.384245 0.035648 0.026302 0.070370
0 0.282522 0.861345 0.028731 0.092437
7 0.025140 0.252101 0.018356 0.020168
0 0.109737 0.632773 0.066241 0.045378
0 0.045092 0.631933 0.053472 0.043697
7 0.058659 0.668908 0.019952 0.023529
