7 0.046224 0.607407 0.017448 0.021296
7 0.200391 0.314583 0.012760 0.018056
7 0.200781 0.289583 0.011979 0.016204
7 0.288151 0.358565 0.015885 0.018056
7 0.316797 0.288657 0.017448 0.018056
7 0.358724 0.260185 0.010156 0.023148
7 0.506901 0.149537 0.012760 0.019444
7 0.622917 0.174769 0.011979 0.018056
7 0.712240 0.225926 0.010417 0.025926
7 0.728255 0.228472 0.010156 0.020833
0 0.020313 0.333333 0.037500 0.038889
0 0.115365 0.631713 0.061458 0.046759
0 0.046745 0.635648 0.053385 0.038889
0 0.298177 0.503241 0.061458 0.053704
0 0.280078 0.273843 0.032031 0.089352
0 0.401432 0.299074 0.032031 0.100926
0 0.425260 0.085417 0.023958 0.099537
0 0.469661 0.304861 0.032552 0.108796
0 0.534375 0.395139 0.055208 0.074537
0 0.655599 0.497454 0.048698 0.048611
0 0.631641 0.573148 0.054948 0.047222
0 0.848698 0.490972 0.056771 0.048611
0 0.273698 0.951157 0.027083 0.087500
0 0.842318 0.417824 0.050260 0.045833
3 0.120964 0.402315 0.071094 0.053704
4 0.064714 0.553009 0.035156 0.022685
0 0.384245 0.036806 0.026302 0.070833
0 0.825219 0.333613 0.067039 0.048739
0 0.364326 0.894118 0.027933 0.097479
0 0.332801 0.853782 0.035116 0.100840
0 0.282522 0.867227 0.030327 0.094118
7 0.024342 0.253782 0.015164 0.020168
