7 0.727454 0.225203 0.011971 0.024390
7 0.710694 0.226829 0.013567 0.024390
7 0.504789 0.147967 0.015164 0.016260
7 0.311253 0.297561 0.014366 0.019512
7 0.359936 0.049593 0.012769 0.021138
7 0.365922 0.021138 0.011971 0.019512
7 0.050678 0.278862 0.018356 0.021138
7 0.023144 0.252033 0.015962 0.026016
7 0.523543 0.606504 0.017558 0.019512
7 0.009178 0.621138 0.015164 0.019512
7 0.357941 0.213008 0.010375 0.013008
7 0.405427 0.726016 0.011173 0.021138
0 0.339186 0.528455 0.030327 0.087805
0 0.554270 0.482927 0.058260 0.045528
0 0.665204 0.494309 0.050279 0.048780
0 0.782123 0.498374 0.051077 0.040650
0 0.634078 0.563415 0.053472 0.047154
0 0.363528 0.891870 0.032721 0.095935
0 0.284517 0.860163 0.031125 0.091057
0 0.275738 0.954472 0.029529 0.081301
0 0.280128 0.276423 0.027135 0.094309
1 0.405826 0.269106 0.034318 0.105691
4 0.410615 0.164228 0.013567 0.048780
4 0.473663 0.396748 0.023144 0.035772
4 0.463687 0.531707 0.023943 0.039024
4 0.730646 0.534959 0.027933 0.019512
4 0.069433 0.560976 0.036712 0.022764
6 0.521548 0.581301 0.034318 0.047154
5 0.620112 0.013008 0.025539 0.022764
0 0.383081 0.036918 0.025539 0.064205
0 0.826018 0.331092 0.065443 0.047059
0 0.019952 0.330252 0.036712 0.045378
0 0.044294 0.632773 0.055068 0.045378
0 0.111333 0.631092 0.063049 0.052101
7 0.212690 0.710924 0.018356 0.020168
