7 0.662809 0.186179 0.013567 0.024390
7 0.711093 0.225203 0.012769 0.024390
7 0.728651 0.224390 0.009577 0.019512
7 0.313647 0.312195 0.009577 0.016260
7 0.311253 0.294309 0.012769 0.019512
7 0.080208 0.356911 0.016760 0.024390
7 0.016760 0.460163 0.017558 0.026016
7 0.223065 0.691057 0.013567 0.019512
7 0.355148 0.210569 0.015962 0.021138
0 0.045491 0.633333 0.054270 0.040650
0 0.112530 0.632520 0.060654 0.045528
0 0.189944 0.539837 0.060654 0.048780
0 0.279330 0.273984 0.030327 0.089431
0 0.410215 0.300000 0.033520 0.099187
0 0.277334 0.956911 0.031125 0.079675
0 0.367119 0.892683 0.038308 0.097561
0 0.633679 0.569106 0.057462 0.045528
0 0.740623 0.492683 0.059058 0.045528
0 0.875499 0.416260 0.055866 0.048780
1 0.316441 0.847967 0.027933 0.105691
6 0.642458 0.518699 0.035116 0.039024
4 0.320032 0.665041 0.015962 0.045528
0 0.384278 0.034510 0.023144 0.062600
7 0.507183 0.149580 0.011971 0.016807
0 0.282123 0.865546 0.029529 0.094118
4 0.364326 0.735294 0.016760 0.058824
0 0.021149 0.331933 0.042298 0.042017
0 0.827215 0.329412 0.066241 0.050420
7 0.021947 0.250420 0.015164 0.020168
