7 0.236719 0.605787 0.013542 0.024537
7 0.405729 0.721065 0.013542 0.031019
7 0.314063 0.231713 0.016667 0.020833
7 0.270052 0.306481 0.013542 0.021296
7 0.197005 0.316204 0.012760 0.024074
7 0.121354 0.288657 0.019271 0.018056
7 0.673568 0.084491 0.014323 0.022685
7 0.721875 0.222685 0.015104 0.019444
7 0.737370 0.221296 0.014323 0.025926
0 0.810156 0.569444 0.064062 0.049074
0 0.642448 0.569907 0.054167 0.040741
0 0.550651 0.631019 0.042969 0.094444
0 0.496745 0.521296 0.051823 0.053704
0 0.338802 0.638194 0.026562 0.086574
0 0.366797 0.897454 0.027865 0.097685
0 0.112630 0.635648 0.062240 0.045370
0 0.327214 0.339815 0.057552 0.045370
0 0.461589 0.059491 0.024740 0.108796
2 0.609245 0.475463 0.126823 0.112037
6 0.651563 0.395139 0.037500 0.032870
1 0.406641 0.286111 0.040885 0.107407
4 0.415755 0.173148 0.012760 0.043519
4 0.814453 0.413194 0.029427 0.016204
4 0.302083 0.388657 0.031250 0.026389
7 0.689545 0.257143 0.011173 0.020168
7 0.650040 0.072269 0.008779 0.026891
7 0.656824 0.008403 0.011173 0.016807
7 0.510774 0.142857 0.011173 0.020168
6 0.487630 0.271429 0.031923 0.065546
0 0.838388 0.330252 0.067837 0.055462
0 0.043895 0.636134 0.057462 0.042017
0 0.086991 0.400840 0.054270 0.045378
0 0.275738 0.959664 0.032721 0.077311
0 0.284118 0.868908 0.030327 0.097479
7 0.258180 0.260504 0.010375 0.020168
