7 0.715882 0.228455 0.009577 0.021138
7 0.732642 0.228455 0.009577 0.017886
7 0.828013 0.365041 0.011971 0.021138
7 0.446927 0.660976 0.015962 0.014634
7 0.257781 0.915447 0.015962 0.026016
7 0.371109 0.022764 0.009577 0.022764
7 0.166800 0.295122 0.015962 0.017886
0 0.020351 0.332520 0.040702 0.037398
0 0.280128 0.276423 0.025539 0.097561
0 0.047087 0.633333 0.052674 0.047154
0 0.364725 0.895122 0.031923 0.089431
4 0.504789 0.393496 0.016760 0.048780
0 0.385475 0.034510 0.022346 0.065811
0 0.830806 0.334454 0.067039 0.047059
0 0.638468 0.347059 0.044693 0.065546
0 0.111732 0.633613 0.062251 0.047059
7 0.059058 0.252941 0.019154 0.025210
7 0.023543 0.252941 0.016760 0.015126
7 0.798883 0.357983 0.011173 0.020168
0 0.660814 0.483193 0.049481 0.042017
0 0.637271 0.573950 0.056664 0.045378
7 0.508380 0.153782 0.011173 0.021849
0 0.282522 0.866387 0.031923 0.092437
0 0.273743 0.957983 0.031923 0.077311
7 0.321229 0.224370 0.011971 0.021849
7 0.330806 0.226050 0.011971 0.018487
