7 0.268156 0.221951 0.014366 0.021138
7 0.710694 0.234146 0.011971 0.022764
7 0.726257 0.232520 0.012769 0.026016
7 0.901437 0.245528 0.010375 0.019512
7 0.503990 0.632520 0.011971 0.016260
0 0.310056 0.411382 0.063049 0.058537
0 0.278132 0.273984 0.027933 0.099187
0 0.514366 0.488618 0.059856 0.050407
0 0.573025 0.411382 0.057462 0.045528
0 0.634078 0.572358 0.055068 0.048780
0 0.382682 0.036116 0.024741 0.069021
7 0.855946 0.272269 0.011971 0.016807
7 0.020750 0.250420 0.015962 0.020168
0 0.163208 0.410924 0.053472 0.045378
6 0.077015 0.536975 0.042298 0.038655
0 0.875499 0.510084 0.057462 0.048739
0 0.421389 0.502521 0.046289 0.047059
0 0.393855 0.609244 0.039106 0.095798
0 0.279729 0.863866 0.029529 0.090756
0 0.270950 0.953782 0.032721 0.085714
0 0.020351 0.331933 0.039106 0.042017
7 0.505188 0.152101 0.014366 0.018487
