7 0.056250 0.249537 0.011979 0.017593
7 0.033464 0.304167 0.017448 0.025926
7 0.111328 0.291204 0.018490 0.019444
7 0.200781 0.319444 0.013542 0.017593
7 0.267708 0.307407 0.011979 0.019444
7 0.317578 0.230787 0.012760 0.022685
7 0.371615 0.129398 0.010417 0.024537
7 0.373568 0.199306 0.011198 0.018056
7 0.595443 0.199306 0.011198 0.018056
7 0.510807 0.148148 0.009635 0.012963
7 0.723047 0.222685 0.009635 0.019444
7 0.736198 0.222685 0.008854 0.019444
7 0.701432 0.555324 0.012760 0.018056
7 0.768620 0.578009 0.014323 0.018056
7 0.532031 0.661111 0.011979 0.014815
0 0.228646 0.465046 0.055208 0.052315
0 0.392708 0.638889 0.049479 0.087963
0 0.365625 0.896759 0.023958 0.089815
0 0.276562 0.956713 0.028125 0.082870
0 0.552214 0.632639 0.039844 0.097685
0 0.640495 0.570602 0.054948 0.048611
4 0.625651 0.153009 0.011198 0.035648
0 0.642458 0.507563 0.057462 0.050420
0 0.112929 0.632773 0.061453 0.052101
0 0.046289 0.636134 0.055866 0.045378
0 0.835994 0.328571 0.069433 0.052101
0 0.284916 0.866387 0.028731 0.092437
7 0.345970 0.290756 0.008779 0.013445
7 0.260575 0.257983 0.010375 0.018487
