7 0.359245 0.046296 0.011198 0.024074
7 0.653125 0.071528 0.011979 0.026389
7 0.670833 0.084722 0.010417 0.032407
7 0.651953 0.009259 0.014323 0.017593
7 0.721094 0.222685 0.013542 0.025926
7 0.738151 0.225231 0.012760 0.027315
7 0.405859 0.721991 0.016927 0.022685
7 0.244531 0.683796 0.015104 0.024074
7 0.206641 0.807407 0.012760 0.021296
7 0.509245 0.141435 0.012760 0.016204
0 0.199479 0.569907 0.052604 0.037037
0 0.111719 0.633333 0.058854 0.047222
0 0.364323 0.901620 0.022917 0.093056
0 0.551042 0.631713 0.037500 0.095833
0 0.662370 0.482176 0.059115 0.043981
0 0.807682 0.566667 0.052865 0.043519
4 0.389453 0.329398 0.017448 0.050463
4 0.197135 0.493519 0.031771 0.021296
4 0.349479 0.839815 0.020833 0.043519
5 0.851953 0.522685 0.023177 0.017593
1 0.788151 0.398380 0.071094 0.052315
1 0.375911 0.656019 0.044531 0.099074
2 0.467969 0.218750 0.061458 0.229167
7 0.265762 0.273109 0.009577 0.025210
7 0.260974 0.259664 0.009577 0.015126
7 0.200319 0.317647 0.019154 0.020168
7 0.310854 0.249580 0.011971 0.021849
0 0.837191 0.330252 0.067039 0.055462
0 0.641660 0.570588 0.055866 0.048739
0 0.044693 0.637815 0.057462 0.045378
6 0.034318 0.352941 0.047885 0.036975
0 0.328013 0.341176 0.054270 0.040336
0 0.275738 0.958824 0.034318 0.078992
0 0.283320 0.871429 0.030327 0.095798
