7 0.196745 0.317824 0.018490 0.020833
7 0.655339 0.069907 0.011198 0.023148
7 0.673958 0.078935 0.013542 0.024537
7 0.656901 0.012963 0.015885 0.019444
7 0.721094 0.221991 0.015104 0.020833
7 0.737370 0.219444 0.012760 0.019444
7 0.414583 0.700000 0.013542 0.017593
7 0.400651 0.791204 0.011198 0.027778
7 0.336849 0.782870 0.014323 0.014815
7 0.510417 0.145602 0.019792 0.024537
0 0.070573 0.502546 0.067708 0.048611
0 0.112630 0.628472 0.060677 0.046759
0 0.039844 0.635648 0.049479 0.038889
0 0.644010 0.570602 0.051042 0.042130
0 0.282161 0.866667 0.026302 0.090741
0 0.273177 0.960185 0.030729 0.079630
0 0.361458 0.898380 0.025521 0.093056
1 0.373568 0.658565 0.038281 0.097685
5 0.407031 0.530093 0.027083 0.016667
0 0.527534 0.491597 0.057462 0.045378
0 0.327614 0.339496 0.056664 0.047059
0 0.549880 0.632773 0.041500 0.109244
0 0.837989 0.330252 0.068635 0.048739
7 0.260974 0.275630 0.014366 0.020168
7 0.260575 0.258824 0.010375 0.016807
7 0.309657 0.250420 0.012769 0.020168
6 0.231445 0.373109 0.038308 0.036975
0 0.881883 0.496639 0.057462 0.045378
0 0.809258 0.562185 0.060654 0.052101
