7 0.546289 0.645528 0.013567 0.019512
7 0.711891 0.221951 0.009577 0.021138
7 0.728252 0.226016 0.010375 0.019512
7 0.664405 0.206504 0.011971 0.019512
7 0.310455 0.297561 0.012769 0.026016
7 0.357941 0.208130 0.011971 0.029268
7 0.359936 0.106504 0.012769 0.021138
7 0.021947 0.245528 0.013567 0.026016
7 0.266560 0.220325 0.014366 0.024390
7 0.367518 0.795122 0.010375 0.029268
0 0.112131 0.632520 0.055068 0.052033
0 0.186752 0.495122 0.052674 0.053659
0 0.278132 0.272358 0.029529 0.089431
0 0.474461 0.321951 0.032721 0.094309
0 0.634477 0.566667 0.055866 0.047154
5 0.416600 0.395122 0.019154 0.026016
0 0.273743 0.951220 0.030327 0.087805
5 0.358739 0.326016 0.027933 0.030894
0 0.384677 0.035313 0.027135 0.067416
0 0.282522 0.860504 0.030327 0.090756
0 0.827614 0.329412 0.067039 0.053782
0 0.021947 0.326891 0.042298 0.042017
0 0.046289 0.630252 0.054270 0.040336
7 0.504789 0.148739 0.010375 0.018487
