7 0.716680 0.226016 0.014366 0.026016
7 0.731445 0.224390 0.015164 0.022764
7 0.830806 0.360976 0.017558 0.026016
7 0.802873 0.352846 0.014366 0.022764
7 0.059058 0.249593 0.020750 0.034146
7 0.019952 0.247154 0.015962 0.035772
7 0.322027 0.258537 0.018356 0.026016
7 0.347167 0.234959 0.019154 0.021138
7 0.366321 0.170732 0.014366 0.032520
7 0.816042 0.650407 0.015164 0.022764
7 0.353951 0.287805 0.011971 0.019512
0 0.020750 0.328455 0.041500 0.045528
0 0.043895 0.630894 0.051077 0.042276
0 0.364725 0.895122 0.030327 0.092683
0 0.275339 0.958537 0.028731 0.076423
4 0.509976 0.377236 0.019154 0.042276
4 0.899441 0.494309 0.025539 0.022764
4 0.731445 0.506504 0.029529 0.021138
4 0.305267 0.887805 0.015164 0.045528
1 0.348364 0.769919 0.043895 0.118699
0 0.385076 0.034510 0.024741 0.059390
0 0.830806 0.331933 0.067039 0.048739
0 0.637271 0.570588 0.053472 0.052101
0 0.403831 0.377311 0.039904 0.089076
0 0.282123 0.273109 0.032721 0.095798
0 0.110934 0.633613 0.063847 0.050420
0 0.281724 0.868908 0.028731 0.094118
7 0.264166 0.713445 0.012769 0.018487
7 0.274541 0.718487 0.014366 0.021849
7 0.508380 0.146218 0.011173 0.020168
