5 0.428646 0.666204 0.022917 0.024074
7 0.024740 0.248611 0.013021 0.019444
7 0.061068 0.249537 0.016927 0.024074
7 0.718750 0.225231 0.010417 0.020833
7 0.734635 0.225926 0.011979 0.025926
7 0.708724 0.517130 0.011198 0.019444
0 0.709896 0.407407 0.050521 0.040741
0 0.366797 0.890278 0.026302 0.099074
4 0.476432 0.245602 0.014323 0.052315
4 0.386719 0.076389 0.011979 0.064815
1 0.158464 0.512269 0.069531 0.055093
1 0.096224 0.405556 0.067969 0.060185
0 0.112929 0.634454 0.059856 0.045378
0 0.048284 0.635294 0.055068 0.043697
0 0.834796 0.331933 0.065443 0.045378
0 0.821628 0.414286 0.055068 0.048739
1 0.931365 0.424370 0.070231 0.052101
0 0.640463 0.570588 0.056664 0.048739
0 0.618915 0.492437 0.043895 0.040336
0 0.560255 0.577311 0.062251 0.062185
0 0.442937 0.437815 0.057462 0.055462
0 0.286113 0.867227 0.029529 0.094118
0 0.021947 0.331092 0.042298 0.040336
7 0.667997 0.138655 0.009577 0.015126
7 0.506385 0.148739 0.010375 0.018487
7 0.326417 0.216807 0.007981 0.016807
0 0.277334 0.957983 0.031125 0.080672
