7 0.056664 0.248780 0.014366 0.022764
7 0.104948 0.291057 0.010375 0.026016
7 0.169194 0.279675 0.015962 0.022764
7 0.202314 0.318699 0.013567 0.026016
7 0.268955 0.306504 0.015962 0.021138
7 0.317239 0.230894 0.015164 0.022764
7 0.372706 0.132520 0.015962 0.021138
7 0.720271 0.223577 0.013567 0.021138
7 0.677574 0.587805 0.009577 0.017886
7 0.832003 0.596748 0.011971 0.022764
7 0.384278 0.265041 0.008779 0.013008
7 0.536712 0.165854 0.010375 0.016260
7 0.395451 0.284553 0.013567 0.019512
0 0.113328 0.634959 0.060654 0.047154
0 0.095371 0.407317 0.056664 0.050407
0 0.045890 0.634146 0.055068 0.048780
0 0.782921 0.492683 0.049481 0.039024
0 0.641261 0.569919 0.055068 0.053659
0 0.365523 0.897561 0.023943 0.094309
0 0.329210 0.917073 0.034318 0.097561
0 0.284916 0.864228 0.028731 0.089431
0 0.278931 0.957724 0.031125 0.071545
4 0.623703 0.156098 0.015164 0.042276
0 0.549082 0.628571 0.041500 0.110924
0 0.365922 0.652941 0.026337 0.099160
0 0.568635 0.487395 0.056664 0.060504
0 0.687151 0.498319 0.057462 0.045378
0 0.836393 0.327731 0.065443 0.050420
7 0.734238 0.222689 0.011173 0.018487
7 0.511572 0.142857 0.009577 0.020168
7 0.260575 0.259664 0.011971 0.021849
