7 0.262240 0.305556 0.016667 0.019444
7 0.135286 0.284259 0.020052 0.022222
7 0.110156 0.278241 0.014583 0.019444
7 0.399870 0.746296 0.011198 0.025926
7 0.401823 0.774769 0.015104 0.024537
7 0.371224 0.832639 0.011198 0.022685
7 0.735417 0.219676 0.010417 0.022685
7 0.719531 0.222685 0.015104 0.019444
7 0.914583 0.242130 0.016146 0.019444
7 0.656510 0.012500 0.010417 0.024074
0 0.548698 0.631019 0.035937 0.100926
0 0.397005 0.334259 0.027865 0.086111
0 0.410938 0.188657 0.028646 0.106944
0 0.474870 0.246296 0.030469 0.092593
0 0.078646 0.557870 0.056771 0.038889
0 0.110547 0.639120 0.064844 0.050463
0 0.040625 0.637500 0.051042 0.045370
0 0.371094 0.714583 0.041667 0.099537
0 0.281771 0.872454 0.028646 0.095833
0 0.275000 0.964120 0.028125 0.071759
4 0.423438 0.567593 0.013542 0.032407
1 0.633333 0.468287 0.082292 0.074537
1 0.511979 0.498380 0.125521 0.076389
0 0.551172 0.246296 0.050260 0.102778
7 0.132812 0.303704 0.020313 0.023148
7 0.707901 0.488235 0.012769 0.025210
7 0.285714 0.352941 0.011173 0.020168
0 0.260176 0.342857 0.055866 0.043697
0 0.326417 0.339496 0.057462 0.047059
7 0.192338 0.319328 0.015962 0.023529
0 0.407821 0.473950 0.057462 0.057143
0 0.641261 0.573109 0.056664 0.047059
0 0.809657 0.566387 0.061453 0.047059
0 0.839585 0.326891 0.065443 0.048739
0 0.463687 0.116807 0.027135 0.089076
7 0.511173 0.142857 0.008779 0.020168
7 0.258978 0.260504 0.010375 0.020168
