7 0.729036 0.227778 0.010156 0.019444
7 0.709896 0.234028 0.015104 0.022685
7 0.368229 0.079630 0.010417 0.019444
7 0.458984 0.268287 0.012760 0.019907
7 0.066276 0.653704 0.012760 0.029630
7 0.188411 0.497454 0.011198 0.022685
7 0.218229 0.488657 0.015104 0.020833
7 0.038542 0.606713 0.016146 0.022685
0 0.109896 0.632407 0.066667 0.045370
0 0.044401 0.635648 0.055469 0.051852
0 0.280990 0.273843 0.030208 0.102315
0 0.447656 0.147222 0.020833 0.099074
0 0.526823 0.429167 0.052604 0.081481
0 0.631641 0.573843 0.051823 0.048611
0 0.273047 0.954398 0.035156 0.074537
1 0.316016 0.937500 0.035156 0.112037
3 0.411458 0.100000 0.031250 0.131481
4 0.748698 0.503935 0.027083 0.022685
5 0.433333 0.577083 0.025521 0.029167
0 0.383464 0.036806 0.023177 0.070833
0 0.020750 0.331092 0.039904 0.047059
7 0.023144 0.249580 0.019154 0.018487
0 0.281724 0.863866 0.028731 0.097479
7 0.505986 0.149580 0.011173 0.023529
