7 0.761373 0.559350 0.012769 0.026016
7 0.719074 0.219512 0.015962 0.013008
7 0.740223 0.217886 0.013567 0.022764
7 0.658021 0.086179 0.010375 0.029268
7 0.511971 0.139024 0.013567 0.017886
7 0.375100 0.130081 0.009577 0.029268
7 0.203911 0.316260 0.015164 0.014634
7 0.083400 0.282114 0.018356 0.021138
0 0.041899 0.632520 0.055068 0.045528
0 0.274940 0.962602 0.029529 0.068293
0 0.362729 0.896748 0.024741 0.102439
0 0.387071 0.339837 0.041500 0.100813
0 0.410615 0.166667 0.024741 0.086179
0 0.480447 0.352033 0.039904 0.099187
0 0.552674 0.630081 0.040702 0.105691
0 0.641660 0.570732 0.054270 0.039024
6 0.700718 0.500813 0.035116 0.035772
4 0.745411 0.395935 0.025539 0.017886
4 0.551077 0.354472 0.016760 0.045528
4 0.145650 0.515447 0.031125 0.019512
0 0.837191 0.327731 0.067039 0.053782
7 0.536712 0.653782 0.008779 0.016807
7 0.378292 0.177311 0.011173 0.021849
7 0.263767 0.306723 0.018356 0.018487
7 0.055467 0.246218 0.016760 0.018487
7 0.646049 0.049580 0.013567 0.025210
0 0.284517 0.870588 0.031125 0.097479
0 0.111732 0.632773 0.062251 0.048739
7 0.313647 0.219328 0.009577 0.021849
7 0.258978 0.258824 0.008779 0.023529
