7 0.021548 0.246341 0.012769 0.017886
7 0.191540 0.344715 0.011173 0.016260
7 0.197526 0.704065 0.013567 0.016260
7 0.372706 0.076423 0.012769 0.026016
7 0.711891 0.228455 0.011173 0.017886
7 0.727055 0.227642 0.009577 0.019512
7 0.099362 0.602439 0.016760 0.011382
7 0.581804 0.245528 0.015962 0.026016
0 0.278532 0.274797 0.028731 0.097561
0 0.633679 0.570732 0.055866 0.052033
0 0.765363 0.423577 0.060654 0.047154
0 0.324022 0.790244 0.031923 0.100813
0 0.272945 0.954472 0.031923 0.087805
6 0.558659 0.420325 0.035116 0.034146
0 0.383480 0.033708 0.023144 0.064205
0 0.112131 0.631933 0.061453 0.050420
0 0.044294 0.633613 0.056664 0.043697
0 0.281325 0.864706 0.029529 0.089076
0 0.021548 0.331933 0.039904 0.045378
3 0.409417 0.197479 0.028731 0.119328
7 0.505587 0.150420 0.010375 0.018487
