7 0.462891 0.633333 0.011198 0.021296
7 0.913151 0.246528 0.010156 0.018056
7 0.900781 0.254630 0.011979 0.023148
7 0.712240 0.232407 0.008854 0.019444
7 0.728646 0.230093 0.010937 0.014815
7 0.503906 0.144907 0.013542 0.019444
7 0.216276 0.304167 0.012760 0.025926
7 0.021484 0.251157 0.014323 0.020833
7 0.914193 0.356944 0.015365 0.017593
7 0.893880 0.237269 0.011198 0.022685
0 0.022786 0.332639 0.042448 0.037500
0 0.278516 0.274769 0.027344 0.097685
0 0.399870 0.306481 0.030469 0.083333
0 0.344401 0.505556 0.048698 0.094444
0 0.411849 0.563426 0.041406 0.083333
0 0.632031 0.571528 0.055729 0.048611
0 0.713932 0.500926 0.048698 0.045370
0 0.735807 0.400463 0.059115 0.052778
0 0.274609 0.956019 0.035156 0.081481
6 0.477604 0.530787 0.035937 0.037500
0 0.382292 0.036111 0.025521 0.069444
4 0.895573 0.371528 0.030729 0.023611
0 0.280128 0.863025 0.030327 0.092437
0 0.355946 0.806723 0.033520 0.097479
