7 0.057422 0.250231 0.020573 0.022685
7 0.025130 0.248611 0.016927 0.019444
7 0.717578 0.230093 0.009635 0.021296
7 0.733854 0.227778 0.007292 0.019444
7 0.616927 0.658565 0.016146 0.022685
0 0.042708 0.638889 0.053646 0.045370
0 0.214583 0.400000 0.047917 0.038889
0 0.070703 0.465972 0.053385 0.050463
0 0.019922 0.332639 0.035156 0.037500
0 0.406250 0.304167 0.028646 0.081481
0 0.638151 0.572222 0.051823 0.045370
0 0.365104 0.899074 0.032813 0.087963
0 0.283724 0.869213 0.024740 0.102315
1 0.022135 0.405556 0.043750 0.042593
2 0.422135 0.469907 0.130729 0.116667
4 0.770182 0.495833 0.028906 0.019444
4 0.384766 0.084491 0.012760 0.058796
6 0.424870 0.179630 0.023177 0.066667
7 0.324421 0.218487 0.007183 0.016807
0 0.832801 0.331933 0.064645 0.048739
0 0.112131 0.634454 0.063049 0.048739
0 0.470072 0.238655 0.028731 0.110924
0 0.166401 0.504202 0.064645 0.047059
0 0.276137 0.957143 0.028731 0.075630
7 0.505188 0.148739 0.009577 0.018487
