7 0.023958 0.254398 0.014583 0.018056
7 0.059896 0.248611 0.019271 0.025926
7 0.194271 0.333333 0.015104 0.019444
7 0.523177 0.140741 0.010417 0.027778
7 0.717969 0.228472 0.008854 0.018056
7 0.735417 0.225926 0.008854 0.012963
0 0.364323 0.897685 0.029687 0.094444
0 0.642839 0.572222 0.053385 0.045370
0 0.424479 0.227778 0.023958 0.081481
3 0.356641 0.385185 0.063802 0.107407
3 0.603776 0.101620 0.030990 0.118981
6 0.162109 0.520370 0.038281 0.042593
4 0.628125 0.423611 0.031771 0.017593
0 0.020703 0.334954 0.040885 0.043981
0 0.414206 0.065546 0.023943 0.097479
0 0.158420 0.415126 0.048683 0.040336
0 0.113727 0.635294 0.063049 0.053782
0 0.046289 0.635294 0.055866 0.043697
0 0.836393 0.331092 0.065443 0.050420
7 0.316840 0.231933 0.009577 0.016807
7 0.264565 0.311765 0.013567 0.021849
0 0.550678 0.630252 0.039904 0.107563
0 0.285315 0.868067 0.031125 0.095798
0 0.277334 0.957143 0.031125 0.072269
7 0.260575 0.264706 0.011971 0.021849
