7 0.365885 0.188657 0.013542 0.022685
7 0.317578 0.236574 0.012760 0.021296
7 0.263411 0.260880 0.014323 0.018056
7 0.265365 0.312037 0.015104 0.019444
7 0.200391 0.318519 0.017448 0.019444
7 0.413411 0.705556 0.012760 0.019444
7 0.657682 0.011574 0.012760 0.022222
7 0.831771 0.600463 0.017188 0.024074
7 0.848437 0.589120 0.018750 0.023611
7 0.910547 0.246991 0.015885 0.022685
7 0.739323 0.225926 0.011979 0.025926
7 0.719531 0.225231 0.015104 0.018056
7 0.706380 0.364120 0.011198 0.022685
7 0.511589 0.143981 0.012760 0.021296
0 0.114974 0.634028 0.060677 0.048611
0 0.044661 0.636574 0.052865 0.040741
0 0.383854 0.439815 0.040104 0.099074
0 0.641927 0.573843 0.055729 0.043056
0 0.549870 0.632639 0.041406 0.097685
0 0.283724 0.868287 0.030990 0.087500
0 0.312760 0.928472 0.025521 0.081019
0 0.277344 0.958333 0.031250 0.073148
0 0.364974 0.899537 0.029427 0.095370
4 0.795703 0.494676 0.026302 0.018056
5 0.072526 0.576852 0.024740 0.017593
0 0.028731 0.519328 0.055866 0.040336
0 0.808460 0.564706 0.060654 0.047059
0 0.835595 0.329412 0.070231 0.050420
0 0.329609 0.341176 0.055866 0.043697
7 0.653631 0.078151 0.009577 0.021849
7 0.388667 0.753782 0.009577 0.018487
