7 0.661612 0.256098 0.011173 0.021138
7 0.710295 0.230894 0.012769 0.019512
7 0.897047 0.273171 0.014366 0.026016
7 0.894653 0.239837 0.009577 0.024390
7 0.725858 0.228455 0.015164 0.017886
0 0.195930 0.378049 0.048683 0.047154
0 0.133679 0.529268 0.047087 0.043902
0 0.273743 0.955285 0.027135 0.076423
0 0.415802 0.588618 0.044693 0.094309
0 0.632881 0.574797 0.054270 0.043902
0 0.668396 0.417073 0.048683 0.047154
0 0.854350 0.413008 0.058260 0.045528
4 0.672785 0.508130 0.025539 0.011382
6 0.549481 0.409756 0.034318 0.029268
6 0.510375 0.548780 0.032721 0.037398
4 0.863128 0.330081 0.023144 0.048780
7 0.505188 0.149593 0.015962 0.016260
0 0.382682 0.036918 0.024741 0.064205
7 0.907821 0.240336 0.011971 0.023529
0 0.021947 0.331933 0.039106 0.045378
7 0.025140 0.253782 0.016760 0.020168
0 0.281325 0.862185 0.029529 0.094118
