7 0.691939 0.258537 0.012769 0.019512
7 0.707103 0.232520 0.015962 0.013008
7 0.899840 0.271545 0.011971 0.022764
7 0.020750 0.247967 0.012769 0.017886
7 0.736233 0.652846 0.013567 0.017886
7 0.727055 0.226829 0.012769 0.021138
7 0.908220 0.240650 0.007981 0.016260
7 0.895052 0.236585 0.010375 0.024390
0 0.850359 0.425203 0.053472 0.043902
0 0.633679 0.569919 0.054270 0.050407
0 0.297287 0.384553 0.051875 0.076423
0 0.021548 0.330081 0.038308 0.039024
0 0.280527 0.863415 0.026337 0.087805
3 0.833998 0.500813 0.067039 0.052033
6 0.509577 0.546341 0.031125 0.035772
4 0.542298 0.350407 0.016760 0.037398
4 0.500399 0.388618 0.019154 0.055285
4 0.863528 0.330081 0.022346 0.039024
6 0.724262 0.411382 0.037510 0.032520
7 0.507183 0.149593 0.013567 0.019512
0 0.383879 0.036116 0.025539 0.069021
0 0.273344 0.953782 0.031125 0.085714
0 0.329609 0.953782 0.035116 0.082353
