7 0.048683 0.265854 0.015962 0.014634
7 0.021947 0.249593 0.011971 0.017886
7 0.709896 0.232520 0.011971 0.019512
7 0.877095 0.300813 0.014366 0.022764
7 0.822027 0.590244 0.017558 0.019512
7 0.507183 0.570732 0.011971 0.016260
7 0.726257 0.229268 0.012769 0.016260
7 0.911014 0.241463 0.008779 0.017886
7 0.894254 0.241463 0.010375 0.021138
0 0.632482 0.571545 0.053472 0.043902
0 0.020351 0.332520 0.039106 0.040650
0 0.281724 0.313008 0.038308 0.086179
0 0.281724 0.860163 0.028731 0.087805
0 0.272945 0.955285 0.023943 0.079675
1 0.550678 0.316260 0.046289 0.105691
3 0.463687 0.289431 0.036712 0.120325
6 0.511572 0.547154 0.035116 0.037398
6 0.203113 0.591870 0.034318 0.042276
4 0.863528 0.334146 0.023943 0.043902
7 0.504789 0.148780 0.010375 0.017886
0 0.383480 0.038523 0.027933 0.067416
