7 0.022346 0.250407 0.015962 0.022764
7 0.723464 0.256911 0.011971 0.022764
7 0.707103 0.243089 0.011173 0.021138
7 0.895451 0.273984 0.014366 0.024390
7 0.727454 0.230081 0.011971 0.021138
7 0.908220 0.241463 0.011173 0.021138
7 0.892658 0.238211 0.011971 0.027642
0 0.021149 0.334959 0.042298 0.042276
0 0.040303 0.520325 0.056664 0.042276
0 0.173184 0.414634 0.047885 0.039024
0 0.367518 0.395122 0.059856 0.045528
0 0.396249 0.504065 0.047087 0.052033
0 0.483240 0.490244 0.055068 0.076423
0 0.630886 0.570732 0.051875 0.039024
0 0.671189 0.406504 0.047885 0.052033
0 0.280128 0.864228 0.030327 0.079675
0 0.271349 0.954472 0.027135 0.078049
6 0.050279 0.420325 0.038308 0.037398
6 0.555467 0.541463 0.039904 0.032520
4 0.158819 0.514634 0.023943 0.021138
7 0.893855 0.321138 0.012769 0.017886
4 0.860734 0.330894 0.024741 0.050407
0 0.382682 0.037721 0.026337 0.069021
7 0.503192 0.152101 0.008779 0.021849
