0 0.695930 0.286992 0.054270 0.043902
0 0.687949 0.339837 0.059058 0.045528
0 0.535116 0.573984 0.061453 0.045528
0 0.512769 0.774797 0.027933 0.108943
0 0.519952 0.933333 0.031125 0.113821
0 0.484038 0.949593 0.029529 0.094309
4 0.480447 0.739837 0.014366 0.052033
4 0.474860 0.816260 0.012769 0.048780
4 0.667199 0.557724 0.023943 0.022764
4 0.672386 0.243902 0.024741 0.022764
7 0.543097 0.184553 0.011971 0.021138
1 0.604948 0.154472 0.071828 0.065041
7 0.418994 0.765854 0.007981 0.019512
7 0.420990 0.743902 0.007183 0.017886
5 0.547486 0.672358 0.015962 0.040650
