0 0.576217 0.292683 0.057462 0.084553
0 0.696728 0.282927 0.055866 0.055285
0 0.489625 0.268293 0.029529 0.110569
0 0.475259 0.728455 0.024741 0.107317
0 0.694334 0.547967 0.059058 0.048780
1 0.607741 0.143902 0.071030 0.066667
1 0.451716 0.142276 0.030327 0.115447
7 0.614525 0.119512 0.009577 0.017886
7 0.928970 0.385366 0.017558 0.022764
4 0.544294 0.715447 0.015962 0.048780
4 0.595371 0.486992 0.022346 0.024390
4 0.375100 0.637398 0.027135 0.022764
5 0.407821 0.677236 0.019154 0.027642
7 0.404230 0.757724 0.011971 0.029268
4 0.671189 0.238211 0.025539 0.024390
7 0.751796 0.256911 0.014366 0.022764
7 0.411812 0.803252 0.011173 0.022764
1 0.517159 0.567480 0.030327 0.123577
