0 0.710295 0.436585 0.052674 0.047154
0 0.597765 0.448780 0.060654 0.048780
1 0.601756 0.120325 0.068635 0.061789
0 0.680367 0.306504 0.061453 0.050407
5 0.736233 0.283740 0.010375 0.040650
7 0.909816 0.245528 0.012769 0.022764
7 0.413408 0.335772 0.011173 0.021138
7 0.549880 0.098374 0.009577 0.021138
7 0.556265 0.070732 0.007981 0.024390
7 0.310455 0.400000 0.009577 0.019512
7 0.323224 0.397561 0.009577 0.021138
4 0.379489 0.447154 0.026337 0.026016
5 0.509976 0.397561 0.020750 0.021138
5 0.631684 0.401626 0.015164 0.016260
7 0.717079 0.562602 0.015164 0.016260
7 0.040702 0.785714 0.012769 0.015126
