5 0.735435 0.278862 0.008779 0.034146
0 0.742219 0.430081 0.049481 0.047154
0 0.652833 0.447967 0.062251 0.050407
0 0.680367 0.307317 0.061453 0.052033
4 0.581804 0.449593 0.020750 0.021138
5 0.592179 0.404065 0.025539 0.021138
5 0.629689 0.403252 0.022346 0.016260
7 0.913408 0.255285 0.007183 0.022764
7 0.668795 0.195122 0.014366 0.022764
1 0.600559 0.119512 0.069433 0.066667
7 0.550279 0.096748 0.008779 0.021138
7 0.150439 0.362602 0.010375 0.019512
7 0.163208 0.373171 0.015164 0.014634
7 0.539904 0.820325 0.010375 0.021138
7 0.556664 0.069748 0.010375 0.025210
