0 0.088672 0.575694 0.057552 0.055093
0 0.162891 0.561806 0.062240 0.053241
0 0.695964 0.268287 0.052865 0.045833
0 0.693620 0.461806 0.057552 0.048611
0 0.607422 0.469907 0.060677 0.049074
0 0.504036 0.753009 0.026302 0.104167
1 0.449740 0.134954 0.029687 0.117130
1 0.605339 0.134259 0.069531 0.060185
7 0.387109 0.713657 0.011198 0.016204
7 0.398307 0.691898 0.008073 0.020833
7 0.407031 0.708102 0.009375 0.027315
7 0.066276 0.621065 0.012760 0.022685
4 0.804036 0.431019 0.023177 0.025926
4 0.475260 0.863426 0.011979 0.049074
