1 0.600958 0.121951 0.067039 0.061789
1 0.446927 0.126016 0.030327 0.125203
0 0.681963 0.311382 0.064645 0.050407
0 0.504389 0.756911 0.023943 0.102439
0 0.505587 0.890244 0.026337 0.105691
7 0.575419 0.319512 0.009577 0.017886
7 0.577015 0.340650 0.011173 0.011382
5 0.389864 0.525203 0.016760 0.032520
5 0.680766 0.526016 0.022346 0.017886
5 0.691939 0.558537 0.019154 0.024390
7 0.662410 0.580488 0.009577 0.019512
7 0.641660 0.580488 0.011173 0.019512
5 0.618516 0.429268 0.014366 0.019512
7 0.556664 0.079832 0.008779 0.018487
