1 0.808073 0.426157 0.064583 0.048611
0 0.486068 0.069907 0.030469 0.103704
1 0.602604 0.118750 0.070312 0.061574
1 0.448047 0.113889 0.027865 0.107407
0 0.517969 0.836574 0.028646 0.096296
1 0.482422 0.881481 0.027865 0.107407
7 0.184375 0.378935 0.017708 0.022685
7 0.378255 0.411574 0.015885 0.019444
7 0.555859 0.278009 0.008594 0.026389
7 0.569141 0.294444 0.012760 0.019444
7 0.444922 0.180324 0.010156 0.022685
4 0.476823 0.243750 0.010417 0.042130
7 0.530339 0.026852 0.008594 0.024074
7 0.558333 0.069213 0.008854 0.024537
4 0.575521 0.458565 0.022396 0.019907
0 0.682813 0.308102 0.064583 0.050463
5 0.737829 0.278151 0.013567 0.038655
7 0.735834 0.286555 0.011173 0.025210
