0 0.490024 0.338211 0.035116 0.100813
0 0.462889 0.526016 0.055866 0.095935
0 0.487630 0.896748 0.027135 0.105691
5 0.638069 0.433333 0.013567 0.017886
1 0.605347 0.139024 0.075818 0.066667
1 0.450120 0.141463 0.030327 0.113821
7 0.612131 0.117073 0.011173 0.016260
4 0.454908 0.744715 0.009577 0.035772
4 0.477654 0.743089 0.011971 0.045528
7 0.404230 0.752033 0.008779 0.030894
7 0.414605 0.713821 0.005587 0.019512
7 0.420591 0.723577 0.006385 0.022764
7 0.284916 0.425203 0.012769 0.017886
7 0.285714 0.410569 0.012769 0.014634
7 0.752993 0.238211 0.011971 0.027642
0 0.694334 0.276423 0.052674 0.048780
0 0.504389 0.754622 0.023943 0.100840
3 0.890263 0.506723 0.074222 0.062185
