1 0.600958 0.121951 0.071828 0.065041
0 0.680766 0.308130 0.060654 0.047154
0 0.516361 0.834959 0.027135 0.095935
1 0.392259 0.585366 0.072626 0.100813
4 0.614126 0.456911 0.023144 0.019512
7 0.793296 0.243089 0.011173 0.017886
5 0.735435 0.281301 0.010375 0.032520
7 0.728252 0.251220 0.010375 0.011382
7 0.550678 0.099187 0.009577 0.019512
7 0.557861 0.073984 0.006385 0.017886
7 0.431365 0.300000 0.008779 0.017886
7 0.415403 0.348780 0.008779 0.017886
7 0.216680 0.391870 0.015164 0.022764
7 0.041899 0.593496 0.026337 0.019512
4 0.019553 0.479675 0.035914 0.026016
