0 0.680766 0.313008 0.062251 0.043902
1 0.601357 0.121951 0.069433 0.065041
1 0.446129 0.126016 0.025539 0.121951
0 0.503990 0.750407 0.023144 0.102439
0 0.505587 0.887805 0.026337 0.107317
4 0.469673 0.850407 0.010375 0.052033
4 0.171189 0.549593 0.024741 0.026016
5 0.274541 0.438211 0.020750 0.030894
5 0.644453 0.552033 0.018356 0.017886
7 0.687949 0.570732 0.014366 0.019512
7 0.705507 0.570732 0.011173 0.016260
5 0.889465 0.501626 0.019952 0.021138
7 0.443735 0.215447 0.009577 0.021138
7 0.549880 0.124390 0.009577 0.021138
7 0.574222 0.320325 0.007183 0.019512
7 0.575020 0.340650 0.008779 0.017886
5 0.579409 0.426829 0.020750 0.021138
