0 0.496010 0.526829 0.026337 0.100813
0 0.534717 0.604065 0.027135 0.105691
0 0.150439 0.573171 0.066241 0.063415
0 0.694733 0.281301 0.053472 0.045528
0 0.486832 0.740650 0.027135 0.105691
0 0.511971 0.949593 0.026337 0.097561
1 0.480048 0.930081 0.032721 0.136585
4 0.525938 0.766667 0.014366 0.050407
4 0.545092 0.755285 0.009577 0.043902
4 0.539505 0.974797 0.012769 0.043902
4 0.627294 0.486179 0.027135 0.022764
7 0.752594 0.216260 0.012769 0.026016
7 0.827215 0.268293 0.015164 0.022764
1 0.606544 0.145528 0.068635 0.073171
1 0.451317 0.146341 0.029529 0.120325
7 0.615323 0.125203 0.012769 0.019512
5 0.409417 0.673984 0.019154 0.024390
7 0.404629 0.758537 0.011173 0.027642
4 0.480846 0.255217 0.015164 0.048154
