0 0.502793 0.752033 0.023943 0.092683
0 0.449721 0.495122 0.056664 0.043902
0 0.626097 0.476423 0.055068 0.045528
0 0.242618 0.475610 0.062251 0.047154
0 0.693935 0.273984 0.050279 0.050407
1 0.449721 0.138211 0.029529 0.120325
4 0.507981 0.445528 0.023144 0.026016
4 0.476856 0.741463 0.011971 0.048780
7 0.401836 0.754472 0.011971 0.022764
7 0.395850 0.698374 0.007981 0.021138
7 0.404629 0.700000 0.009577 0.027642
7 0.082203 0.636585 0.015962 0.024390
0 0.161612 0.564228 0.063049 0.052033
7 0.062650 0.605691 0.011971 0.021138
0 0.087390 0.582927 0.059856 0.060163
7 0.612131 0.115447 0.012769 0.016260
1 0.604150 0.139024 0.070231 0.060163
