0 0.500798 0.245528 0.026337 0.104065
0 0.647247 0.248780 0.057462 0.045528
0 0.680367 0.306504 0.061453 0.047154
1 0.601756 0.120325 0.070231 0.058537
1 0.749401 0.504878 0.062251 0.050407
0 0.503990 0.762602 0.026337 0.110569
0 0.500798 0.925203 0.026337 0.110569
0 0.096568 0.522764 0.060654 0.056911
5 0.734637 0.278862 0.010375 0.037398
5 0.666002 0.408943 0.016760 0.011382
7 0.557462 0.686992 0.007183 0.014634
4 0.053073 0.549593 0.024741 0.022764
7 0.551476 0.086555 0.012769 0.028571
7 0.557462 0.073109 0.008779 0.021849
