0 0.602953 0.462602 0.058260 0.040650
0 0.584198 0.545528 0.059058 0.079675
0 0.482841 0.298374 0.028731 0.102439
0 0.493615 0.065041 0.026337 0.087805
1 0.602953 0.124390 0.071030 0.060163
0 0.692338 0.260976 0.053472 0.043902
1 0.448125 0.119512 0.029529 0.112195
7 0.456903 0.189431 0.008779 0.021138
7 0.778532 0.362602 0.011971 0.013008
7 0.794892 0.369919 0.012769 0.014634
4 0.870710 0.503252 0.025539 0.024390
4 0.368715 0.576423 0.020750 0.027642
4 0.083799 0.521138 0.028731 0.024390
7 0.394254 0.686179 0.009577 0.022764
7 0.528332 0.060976 0.007981 0.021138
7 0.528332 0.095935 0.007981 0.019512
0 0.507183 0.807317 0.026337 0.095935
