1 0.600160 0.121951 0.070231 0.065041
0 0.682362 0.310569 0.065443 0.045528
0 0.503591 0.753659 0.023943 0.102439
5 0.783719 0.550407 0.020750 0.024390
5 0.907821 0.398374 0.021548 0.019512
7 0.557861 0.603252 0.007981 0.019512
7 0.571828 0.604065 0.010375 0.017886
5 0.421788 0.709756 0.010375 0.030894
4 0.086193 0.534959 0.030327 0.022764
4 0.146449 0.443902 0.026337 0.019512
7 0.575419 0.323577 0.009577 0.013008
7 0.577813 0.342276 0.007981 0.011382
1 0.448125 0.129268 0.032721 0.128455
0 0.505587 0.887395 0.024741 0.104202
7 0.555866 0.076471 0.008779 0.025210
