0 0.501596 0.359350 0.037510 0.097561
0 0.680766 0.310569 0.065443 0.045528
0 0.503591 0.751220 0.025539 0.100813
0 0.506385 0.884553 0.027933 0.094309
4 0.428970 0.560976 0.021548 0.022764
1 0.599362 0.122764 0.070231 0.060163
1 0.446927 0.124390 0.028731 0.125203
5 0.478452 0.582114 0.019952 0.022764
5 0.423384 0.694309 0.011971 0.039024
7 0.596568 0.582114 0.010375 0.016260
7 0.615722 0.581301 0.011971 0.017886
5 0.734238 0.552033 0.020750 0.021138
5 0.755387 0.406504 0.026337 0.019512
7 0.578611 0.343902 0.009577 0.014634
7 0.556265 0.078151 0.012769 0.025210
7 0.576217 0.324370 0.007981 0.020168
