0 0.660016 0.312195 0.063847 0.048780
0 0.538308 0.278049 0.024741 0.097561
0 0.504389 0.647154 0.025539 0.094309
1 0.446129 0.126829 0.028731 0.126829
1 0.491620 0.304878 0.027135 0.112195
1 0.602953 0.120325 0.071030 0.065041
1 0.374701 0.567480 0.047087 0.032520
5 0.570630 0.432520 0.019154 0.019512
5 0.541500 0.973171 0.011971 0.037398
7 0.982043 0.521138 0.018356 0.021138
7 0.975259 0.543089 0.019154 0.016260
7 0.555068 0.299187 0.007183 0.019512
7 0.562251 0.313821 0.008779 0.019512
7 0.375898 0.682114 0.009577 0.021138
7 0.450918 0.173950 0.009577 0.025210
