0 0.693136 0.281301 0.058260 0.048780
0 0.504789 0.755285 0.027933 0.095935
0 0.538707 0.820325 0.027135 0.108943
0 0.487231 0.900813 0.027933 0.107317
4 0.454908 0.747967 0.011173 0.045528
4 0.478851 0.739024 0.012769 0.050407
1 0.604549 0.147154 0.071030 0.069919
1 0.451716 0.142276 0.030327 0.118699
7 0.613727 0.121951 0.009577 0.013008
7 0.208300 0.487805 0.009577 0.016260
7 0.219872 0.497561 0.013567 0.022764
5 0.142059 0.603252 0.023943 0.022764
7 0.534717 0.084553 0.009577 0.029268
7 0.754988 0.247967 0.014366 0.017886
7 0.699122 0.438211 0.012769 0.014634
7 0.697127 0.424390 0.011971 0.013008
5 0.565842 0.847154 0.009577 0.042276
7 0.403033 0.752846 0.007981 0.026016
4 0.542698 0.941463 0.012769 0.052033
