0 0.601302 0.450463 0.055208 0.045370
0 0.674740 0.251157 0.058333 0.043981
0 0.680859 0.306481 0.062240 0.047222
1 0.602995 0.123611 0.066406 0.064815
4 0.777344 0.303241 0.014583 0.037037
4 0.668750 0.438889 0.020833 0.019444
7 0.664323 0.533333 0.010417 0.016667
7 0.534375 0.290972 0.013542 0.022685
5 0.462891 0.443056 0.017448 0.024074
4 0.984896 0.482176 0.023958 0.024537
4 0.318099 0.416435 0.024740 0.029167
5 0.588542 0.403935 0.019792 0.018056
5 0.735435 0.282353 0.013567 0.043697
7 0.558260 0.073109 0.010375 0.025210
