3 0.966536 0.395833 0.063802 0.053704
1 0.601823 0.117130 0.070312 0.058333
0 0.675911 0.247222 0.057552 0.062037
0 0.682422 0.304167 0.066927 0.051852
0 0.631771 0.446296 0.059896 0.047222
0 0.375130 0.482870 0.059115 0.047222
0 0.062760 0.509954 0.061458 0.056944
7 0.776432 0.307407 0.014323 0.019444
7 0.755859 0.229167 0.012760 0.019444
7 0.727474 0.300926 0.008594 0.019444
5 0.736589 0.276389 0.011198 0.036111
5 0.877083 0.521065 0.019271 0.018056
4 0.793620 0.437269 0.024740 0.022685
4 0.733333 0.452778 0.023958 0.024074
4 0.477734 0.480556 0.024740 0.021296
5 0.407813 0.430093 0.017708 0.017593
4 0.316536 0.413889 0.024740 0.024074
7 0.557462 0.068908 0.011971 0.023529
