0 0.675579 0.248780 0.056664 0.048780
0 0.680766 0.305691 0.063847 0.045528
0 0.579409 0.429268 0.049481 0.055285
1 0.602155 0.119512 0.069433 0.060163
1 0.369513 0.571545 0.068635 0.047154
1 0.312051 0.488618 0.070231 0.047154
4 0.804868 0.347967 0.021548 0.022764
5 0.736233 0.278862 0.011971 0.037398
7 0.755387 0.230081 0.013567 0.027642
7 0.692737 0.373984 0.011173 0.016260
4 0.400638 0.456098 0.023943 0.021138
4 0.316441 0.415447 0.023144 0.024390
4 0.136472 0.439024 0.025539 0.022764
4 0.065044 0.437398 0.026337 0.022764
3 0.717478 0.431933 0.070231 0.060504
7 0.558659 0.071429 0.009577 0.025210
