1 0.601432 0.121065 0.069531 0.063426
0 0.680859 0.307407 0.063802 0.055556
0 0.517188 0.832639 0.028646 0.091204
1 0.480078 0.876389 0.029427 0.107407
1 0.448047 0.147917 0.027865 0.117130
4 0.766146 0.503935 0.023958 0.022685
4 0.605729 0.534954 0.022396 0.019907
4 0.573828 0.458565 0.025781 0.022685
7 0.106250 0.534028 0.022396 0.024537
7 0.549479 0.095139 0.010417 0.018056
7 0.556641 0.071528 0.007031 0.022685
7 0.448958 0.294213 0.007292 0.016204
7 0.429688 0.287963 0.008854 0.019444
7 0.360026 0.403241 0.014323 0.023148
7 0.750130 0.217824 0.009635 0.022685
7 0.727865 0.273843 0.009375 0.024537
5 0.735036 0.278992 0.009577 0.030252
