0 0.696728 0.281301 0.054270 0.042276
0 0.688747 0.333333 0.057462 0.045528
0 0.514765 0.765041 0.027135 0.105691
0 0.522745 0.926829 0.033520 0.120325
4 0.675180 0.543089 0.027135 0.026016
5 0.546688 0.670732 0.012769 0.040650
7 0.764964 0.317886 0.015164 0.017886
4 0.672785 0.243089 0.025539 0.021138
1 0.608939 0.146341 0.067039 0.068293
4 0.480846 0.733333 0.013567 0.042276
4 0.475658 0.813008 0.012769 0.055285
7 0.404230 0.771545 0.010375 0.034146
0 0.052275 0.547967 0.066241 0.061789
0 0.490024 0.576471 0.065443 0.067227
7 0.446528 0.838655 0.011971 0.026891
5 0.440144 0.828571 0.011971 0.047059
