1 0.606145 0.144715 0.072626 0.071545
7 0.614525 0.120325 0.009577 0.019512
4 0.672386 0.241463 0.026337 0.024390
4 0.595371 0.492683 0.023943 0.026016
4 0.377095 0.642276 0.023144 0.026016
5 0.407821 0.684553 0.022346 0.032520
7 0.402235 0.769919 0.012769 0.027642
0 0.698324 0.286992 0.054270 0.047154
0 0.482841 0.605691 0.030327 0.112195
0 0.530726 0.669919 0.035116 0.107317
0 0.495611 0.358537 0.028731 0.112195
0 0.541500 0.444715 0.027933 0.095935
0 0.491620 0.130081 0.030327 0.094309
1 0.449322 0.145528 0.028731 0.125203
7 0.920990 0.351220 0.017558 0.022764
7 0.762969 0.235294 0.014366 0.026891
