1 0.448125 0.139024 0.026337 0.121951
0 0.503192 0.239837 0.031125 0.092683
0 0.503591 0.758537 0.025539 0.102439
0 0.212690 0.485366 0.056664 0.050407
0 0.162410 0.563415 0.063049 0.050407
0 0.088986 0.578862 0.058260 0.055285
7 0.071828 0.628455 0.014366 0.014634
7 0.098563 0.644715 0.013567 0.017886
7 0.403432 0.577236 0.010375 0.026016
7 0.415802 0.572358 0.009577 0.029268
7 0.401437 0.752033 0.009577 0.024390
4 0.302474 0.461789 0.017558 0.022764
4 0.476457 0.739837 0.009577 0.052033
0 0.694733 0.274797 0.053472 0.045528
7 0.612530 0.117886 0.011971 0.017886
1 0.605347 0.143089 0.071030 0.068293
