0 0.648045 0.324390 0.059058 0.060163
0 0.696329 0.282114 0.053472 0.043902
0 0.495211 0.289431 0.039106 0.107317
0 0.512769 0.772358 0.027933 0.104065
7 0.763767 0.313821 0.015962 0.019512
4 0.672386 0.240650 0.026337 0.022764
4 0.378691 0.633333 0.024741 0.027642
7 0.405028 0.759350 0.013567 0.026016
5 0.553472 0.931707 0.015164 0.045528
7 0.407023 0.483740 0.012769 0.030894
7 0.420192 0.491057 0.013567 0.026016
1 0.605746 0.147967 0.070231 0.065041
5 0.433759 0.673109 0.019952 0.021849
0 0.715084 0.465546 0.060654 0.047059
