0 0.538672 0.199306 0.028906 0.095833
0 0.620182 0.449769 0.060677 0.037500
0 0.677865 0.249537 0.059896 0.047222
0 0.685156 0.308102 0.064583 0.043981
0 0.839583 0.319444 0.030208 0.105556
0 0.506380 0.778935 0.026302 0.104167
0 0.470443 0.905324 0.026302 0.102315
0 0.521484 0.950463 0.027865 0.092593
1 0.604948 0.121296 0.065625 0.060185
4 0.780208 0.305787 0.013542 0.042130
4 0.719010 0.433333 0.023958 0.024074
4 0.539062 0.722917 0.015104 0.050463
4 0.536328 0.823380 0.012760 0.050463
7 0.304036 0.393519 0.009635 0.019444
5 0.563021 0.438194 0.016667 0.018056
5 0.470573 0.745602 0.010417 0.037500
7 0.387891 0.658565 0.008073 0.016204
5 0.503255 0.591898 0.018490 0.019907
7 0.330339 0.427546 0.012760 0.016204
5 0.432552 0.358565 0.016146 0.046759
7 0.559505 0.228472 0.006510 0.020833
5 0.592187 0.404861 0.017708 0.019907
4 0.322526 0.418981 0.029427 0.021296
7 0.559856 0.073109 0.010375 0.025210
