0 0.683958 0.309756 0.067039 0.050407
0 0.505188 0.750407 0.028731 0.105691
0 0.507183 0.898374 0.026337 0.105691
1 0.603751 0.119512 0.071030 0.063415
1 0.448125 0.121138 0.029529 0.128455
0 0.020750 0.405691 0.039904 0.056911
4 0.818037 0.422764 0.030327 0.022764
7 0.579409 0.341463 0.007981 0.019512
7 0.578611 0.325203 0.009577 0.013008
7 0.484038 0.665041 0.011971 0.019512
7 0.486034 0.684553 0.009577 0.019512
5 0.423783 0.713008 0.011173 0.040650
5 0.880287 0.534959 0.025539 0.019512
5 0.292099 0.426016 0.025539 0.026016
7 0.557861 0.073109 0.009577 0.028571
