0 0.813248 0.524390 0.062251 0.053659
0 0.697526 0.285366 0.052674 0.040650
0 0.688348 0.336585 0.058260 0.048780
0 0.476856 0.353659 0.035914 0.105691
0 0.514765 0.773171 0.027135 0.105691
0 0.519553 0.934959 0.030327 0.120325
0 0.371907 0.609756 0.062251 0.052033
4 0.481245 0.737398 0.012769 0.047154
4 0.476057 0.814634 0.013567 0.055285
5 0.548284 0.673171 0.014366 0.035772
1 0.608140 0.155285 0.071828 0.066667
4 0.673184 0.243902 0.026337 0.022764
7 0.721468 0.243902 0.009577 0.022764
5 0.783719 0.334959 0.020750 0.022764
4 0.037510 0.551220 0.023943 0.032520
7 0.404230 0.776423 0.011971 0.030894
4 0.428970 0.427642 0.016760 0.039024
5 0.439346 0.921849 0.010375 0.035294
7 0.446129 0.923529 0.012769 0.025210
