4 0.929297 0.647222 0.020052 0.064815
0 0.745833 0.734954 0.066146 0.074537
0 0.816797 0.780556 0.056510 0.068519
0 0.968099 0.873843 0.060677 0.069907
0 0.724219 0.592824 0.069271 0.082870
0 0.538932 0.092824 0.035677 0.136574
0 0.421354 0.522685 0.070312 0.060185
0 0.167187 0.575694 0.061458 0.055093
0 0.113672 0.420370 0.072656 0.053704
1 0.540365 0.231713 0.030208 0.141204
1 0.869141 0.611343 0.079948 0.087500
5 0.443229 0.895833 0.010417 0.038889
5 0.458594 0.878935 0.010417 0.037500
7 0.061458 0.389352 0.009375 0.014815
7 0.079036 0.382870 0.015885 0.011111
