4 0.921389 0.667480 0.016760 0.060163
1 0.542698 0.242276 0.033520 0.139837
1 0.865523 0.631707 0.075818 0.086179
1 0.886273 0.759350 0.075818 0.094309
0 0.166002 0.583740 0.065443 0.048780
0 0.119713 0.429268 0.075020 0.052033
0 0.539904 0.102439 0.029529 0.104065
0 0.745810 0.748780 0.061453 0.069919
0 0.813647 0.800000 0.059856 0.074797
0 0.966081 0.896748 0.066241 0.079675
7 0.369114 0.217073 0.011971 0.017886
7 0.420192 0.143902 0.015164 0.030894
7 0.566640 0.069106 0.011173 0.011382
7 0.569433 0.097561 0.011971 0.013008
4 0.760974 0.526829 0.010375 0.042276
