4 0.925379 0.658537 0.015164 0.055285
1 0.545491 0.240650 0.034318 0.139837
1 0.865124 0.625203 0.078212 0.086179
0 0.171987 0.582927 0.064645 0.053659
0 0.133679 0.507317 0.071030 0.048780
0 0.121309 0.424390 0.071828 0.045528
0 0.544693 0.095935 0.027933 0.117073
0 0.749002 0.741463 0.064645 0.078049
0 0.816441 0.790244 0.057462 0.074797
0 0.967279 0.886179 0.062251 0.071545
4 0.765762 0.523577 0.011971 0.055285
4 0.776935 0.560976 0.010375 0.052033
7 0.545890 0.922764 0.014366 0.024390
7 0.746608 0.571545 0.011971 0.024390
