4 0.917448 0.651389 0.018229 0.060185
4 0.464453 0.947917 0.015885 0.052315
0 0.164323 0.578009 0.070312 0.056944
0 0.119010 0.421759 0.073438 0.060185
0 0.540104 0.100231 0.031771 0.112500
0 0.560156 0.503241 0.071875 0.056481
0 0.744271 0.739120 0.063021 0.069907
0 0.810417 0.787963 0.056771 0.066667
0 0.926823 0.773380 0.060417 0.076389
0 0.964063 0.887037 0.068750 0.073148
1 0.541146 0.242130 0.031771 0.146296
1 0.863542 0.625231 0.079687 0.099537
4 0.758203 0.521296 0.012760 0.053704
4 0.772135 0.552083 0.010417 0.050463
7 0.379818 0.256944 0.011198 0.036111
