0 0.115234 0.410648 0.077344 0.053704
0 0.536719 0.090972 0.029687 0.132870
0 0.745443 0.726852 0.062240 0.077778
0 0.811589 0.772454 0.059115 0.065278
0 0.968880 0.875000 0.062240 0.087963
4 0.925000 0.640741 0.019271 0.051852
4 0.507161 0.453704 0.026302 0.029630
4 0.484896 0.286111 0.015104 0.055556
7 0.420182 0.182870 0.007031 0.021296
7 0.399479 0.203241 0.008854 0.023148
7 0.412240 0.200000 0.008854 0.025926
1 0.537240 0.226620 0.031250 0.136574
1 0.864714 0.603241 0.077344 0.087963
7 0.560286 0.313889 0.011198 0.025926
0 0.165603 0.568067 0.064645 0.057143
