4 0.820833 0.703241 0.040625 0.030556
4 0.923698 0.668981 0.013542 0.060185
4 0.513151 0.795139 0.020573 0.048611
1 0.543880 0.252083 0.029427 0.143056
0 0.542578 0.112963 0.026823 0.112037
0 0.171484 0.587963 0.063802 0.047222
0 0.099349 0.534028 0.067969 0.056944
0 0.122135 0.438194 0.073438 0.053241
0 0.742969 0.747917 0.067187 0.081019
0 0.810026 0.797454 0.060677 0.069907
0 0.957682 0.790278 0.063802 0.075000
0 0.965755 0.896759 0.066927 0.079630
1 0.865885 0.635880 0.078125 0.091204
4 0.758984 0.530787 0.012760 0.056944
4 0.773698 0.561574 0.013542 0.060185
