4 0.922526 0.661806 0.017448 0.065278
0 0.542188 0.103704 0.032292 0.119444
0 0.549870 0.506481 0.060677 0.066667
0 0.488411 0.570139 0.066927 0.063426
0 0.168750 0.583796 0.058333 0.049074
0 0.120182 0.432639 0.072656 0.055093
0 0.745833 0.752083 0.067708 0.076389
0 0.815365 0.798148 0.059896 0.077778
0 0.966146 0.893519 0.063021 0.073148
1 0.544010 0.249537 0.035937 0.131481
1 0.869141 0.630093 0.079948 0.083333
4 0.762109 0.521991 0.011198 0.058796
4 0.776432 0.551852 0.012760 0.053704
7 0.363542 0.284722 0.011979 0.025926
