4 0.920573 0.666667 0.015104 0.068519
1 0.541927 0.245602 0.028646 0.143056
1 0.602604 0.583102 0.071875 0.076389
1 0.862760 0.630787 0.079687 0.097685
0 0.167578 0.582870 0.065365 0.053704
0 0.117318 0.427778 0.075260 0.051852
0 0.537891 0.100694 0.030469 0.104167
0 0.744010 0.750000 0.061458 0.071296
0 0.807682 0.796528 0.057552 0.063426
0 0.963802 0.894907 0.063021 0.073148
4 0.760156 0.528472 0.010417 0.052315
7 0.410286 0.272454 0.009635 0.011574
7 0.559896 0.048611 0.008854 0.012963
7 0.564974 0.030093 0.009635 0.014815
7 0.562630 0.009954 0.009635 0.016204
7 0.421354 0.052083 0.020833 0.022685
