4 0.920573 0.665972 0.016667 0.063426
4 0.400651 0.561111 0.035156 0.025926
1 0.547526 0.249537 0.033594 0.137963
1 0.865104 0.633333 0.078125 0.086111
0 0.174479 0.579630 0.061458 0.047222
0 0.123698 0.430093 0.070312 0.053704
0 0.520312 0.741435 0.031771 0.113426
0 0.472135 0.891898 0.034375 0.118981
0 0.547135 0.111343 0.029687 0.108796
0 0.748047 0.751389 0.063802 0.073148
0 0.814583 0.799306 0.054167 0.071759
0 0.964063 0.898380 0.065625 0.080093
4 0.760156 0.538194 0.011979 0.052315
4 0.774870 0.563426 0.012760 0.053704
