4 0.922526 0.645602 0.017448 0.071759
0 0.967708 0.874074 0.059896 0.073148
0 0.813672 0.779861 0.056510 0.063426
0 0.750130 0.734259 0.059115 0.073148
0 0.479297 0.464352 0.072656 0.066667
0 0.441797 0.537269 0.067969 0.056944
0 0.538802 0.095139 0.031771 0.119907
0 0.169531 0.573148 0.059896 0.040741
0 0.115365 0.425231 0.079167 0.050463
1 0.864714 0.614583 0.082031 0.100463
1 0.542318 0.231713 0.032552 0.147685
0 0.498437 0.039120 0.028125 0.068056
7 0.183984 0.373843 0.018490 0.022685
7 0.167187 0.378009 0.010417 0.018056
