4 0.924609 0.662500 0.020052 0.053704
1 0.543880 0.242361 0.034115 0.136574
1 0.869141 0.628472 0.078385 0.093056
0 0.543359 0.100926 0.033073 0.120370
0 0.235026 0.495139 0.063281 0.053241
0 0.169922 0.582176 0.060677 0.052315
0 0.117318 0.426852 0.076823 0.053704
0 0.744661 0.678009 0.060677 0.068056
0 0.750911 0.749537 0.060677 0.064815
0 0.814453 0.792593 0.056510 0.079630
0 0.968099 0.895139 0.060677 0.080093
5 0.460156 0.339815 0.013542 0.049074
7 0.361198 0.283796 0.011979 0.027778
4 0.760547 0.520833 0.009635 0.056481
4 0.774089 0.553935 0.012760 0.057870
