4 0.912630 0.657870 0.018490 0.060185
1 0.543490 0.240509 0.031771 0.143056
1 0.863542 0.624537 0.076563 0.094444
0 0.539193 0.103704 0.029948 0.116667
0 0.393750 0.468287 0.061458 0.055093
0 0.168750 0.577315 0.063021 0.045370
0 0.122135 0.423611 0.073438 0.053704
0 0.741927 0.734259 0.063021 0.066667
0 0.807292 0.785417 0.061458 0.071759
0 0.963281 0.884491 0.065625 0.074537
7 0.377083 0.269213 0.010417 0.024537
4 0.757422 0.518056 0.011198 0.053704
4 0.772135 0.549537 0.011979 0.049074
4 0.468880 0.541435 0.015365 0.058796
