4 0.924581 0.665041 0.013567 0.055285
1 0.543895 0.239837 0.035914 0.141463
1 0.867119 0.624390 0.077414 0.081301
0 0.169593 0.578049 0.061453 0.050407
0 0.120112 0.425203 0.072626 0.050407
0 0.543496 0.095935 0.025539 0.104065
0 0.748204 0.741463 0.061453 0.078049
0 0.816441 0.789431 0.059058 0.069919
0 0.967678 0.888618 0.063049 0.079675
4 0.763767 0.521951 0.009577 0.048780
4 0.777733 0.556911 0.010375 0.050407
7 0.533121 0.800813 0.007981 0.021138
7 0.519553 0.801626 0.012769 0.019512
7 0.548683 0.836585 0.010375 0.024390
