0 0.160417 0.575000 0.067187 0.053704
0 0.110547 0.422685 0.071094 0.055556
0 0.537370 0.085880 0.029427 0.113426
0 0.745833 0.730093 0.063021 0.071296
0 0.817578 0.783102 0.062760 0.086574
0 0.969271 0.881019 0.061458 0.080556
4 0.925000 0.640741 0.014583 0.062037
7 0.667188 0.719444 0.010937 0.021296
1 0.538281 0.226157 0.031250 0.143056
1 0.866797 0.608102 0.081510 0.087500
5 0.505990 0.160880 0.009375 0.042130
5 0.450911 0.027546 0.012760 0.048611
7 0.347266 0.980093 0.012760 0.024074
7 0.357542 0.277311 0.017558 0.030252
