0 0.112500 0.414583 0.082812 0.048611
0 0.164062 0.570602 0.066146 0.048611
0 0.538281 0.085880 0.032813 0.119907
0 0.816406 0.776852 0.065625 0.076852
0 0.968880 0.869213 0.059115 0.069907
4 0.927474 0.639120 0.014323 0.058796
5 0.344271 0.536574 0.039062 0.019444
7 0.429297 0.030787 0.008073 0.029167
7 0.424219 0.044676 0.011979 0.011574
7 0.411849 0.043981 0.008073 0.012963
1 0.540234 0.221991 0.035156 0.138426
7 0.361589 0.274537 0.015885 0.028704
1 0.869513 0.608403 0.083799 0.097479
0 0.747007 0.726050 0.070231 0.080672
