7 0.510156 0.286574 0.014063 0.025000
7 0.468099 0.706481 0.011198 0.019444
7 0.523047 0.881250 0.010156 0.025463
7 0.509635 0.900463 0.007292 0.017593
7 0.517969 0.899537 0.007292 0.015741
4 0.486589 0.974074 0.016406 0.048148
0 0.944531 0.058102 0.033333 0.115278
0 0.109375 0.690278 0.052604 0.040741
7 0.295443 0.687269 0.012760 0.018981
0 0.302865 0.716204 0.071875 0.050000
0 0.216680 0.699160 0.061453 0.043697
0 0.455307 0.475630 0.026337 0.104202
0 0.592578 0.374790 0.053472 0.080672
0 0.691540 0.354622 0.059856 0.050420
7 0.741820 0.347899 0.018356 0.023529
0 0.893855 0.232773 0.062251 0.052101
7 0.895451 0.176471 0.020750 0.020168
5 0.491620 0.612605 0.011173 0.042017
