7 0.899354 0.166023 0.014774 0.030888
7 0.522161 0.650579 0.008310 0.023166
7 0.528163 0.661197 0.007387 0.025097
7 0.535088 0.662162 0.008310 0.019305
7 0.531394 0.699807 0.006464 0.021236
5 0.746076 0.331081 0.022161 0.021236
7 0.297784 0.693050 0.012004 0.019305
0 0.592798 0.377413 0.051708 0.079151
0 0.946129 0.059664 0.037510 0.119328
0 0.895850 0.231933 0.059856 0.053782
7 0.677574 0.325210 0.015962 0.025210
0 0.691939 0.353782 0.059058 0.048739
4 0.497207 0.157983 0.014366 0.053782
0 0.456105 0.476471 0.031125 0.105882
0 0.304469 0.713445 0.074222 0.058824
0 0.219074 0.694118 0.059856 0.043697
0 0.114126 0.688235 0.057462 0.052101
