7 0.394275 0.839768 0.012927 0.019305
7 0.896122 0.166023 0.012004 0.023166
0 0.892428 0.224903 0.060018 0.055985
0 0.297784 0.711390 0.069252 0.052124
0 0.107110 0.683398 0.055402 0.050193
0 0.943735 0.054622 0.037510 0.109244
7 0.894254 0.198319 0.015164 0.020168
7 0.741022 0.160504 0.015164 0.025210
7 0.639266 0.163025 0.009577 0.023529
7 0.562251 0.228571 0.010375 0.020168
7 0.558260 0.211765 0.011971 0.023529
0 0.688747 0.347059 0.059058 0.052101
0 0.589385 0.368067 0.058260 0.080672
0 0.539505 0.333613 0.052674 0.089076
0 0.451317 0.467227 0.027933 0.100840
4 0.495611 0.684874 0.015962 0.048739
7 0.288508 0.687395 0.013567 0.033613
0 0.211492 0.692437 0.062251 0.043697
