7 0.862419 0.223938 0.016620 0.019305
7 0.742844 0.161197 0.015697 0.025097
7 0.294090 0.689189 0.012004 0.015444
7 0.204524 0.720077 0.012004 0.023166
5 0.509695 0.596525 0.011080 0.038610
4 0.463989 0.953668 0.012004 0.050193
0 0.454294 0.472973 0.024007 0.104247
0 0.213758 0.695946 0.058172 0.044402
0 0.944134 0.057983 0.038308 0.115966
0 0.895052 0.230252 0.059856 0.050420
0 0.690343 0.351261 0.060654 0.047059
0 0.592578 0.374790 0.056664 0.080672
0 0.300878 0.710924 0.073424 0.053782
0 0.110535 0.684034 0.056664 0.053782
