7 0.736380 0.162162 0.017544 0.027027
7 0.290397 0.682432 0.015697 0.028958
0 0.939058 0.055019 0.035088 0.110039
0 0.686519 0.347490 0.060018 0.046332
0 0.104340 0.677606 0.053555 0.057915
7 0.899441 0.166387 0.022346 0.026891
7 0.897047 0.199160 0.014366 0.025210
0 0.889066 0.224370 0.060654 0.055462
0 0.588188 0.368067 0.054270 0.080672
7 0.550279 0.378151 0.015164 0.030252
0 0.503990 0.539496 0.027933 0.100840
0 0.449322 0.468067 0.027135 0.102521
0 0.297686 0.704202 0.073424 0.053782
0 0.210694 0.687395 0.059058 0.043697
