7 0.861958 0.221042 0.015697 0.021236
7 0.743767 0.164093 0.012004 0.023166
7 0.139889 0.720077 0.013850 0.030888
7 0.294090 0.692085 0.013850 0.021236
4 0.476454 0.519305 0.011080 0.042471
0 0.591413 0.372587 0.052632 0.077220
0 0.301477 0.711390 0.071099 0.052124
0 0.944134 0.058824 0.038308 0.110924
0 0.893456 0.231092 0.061453 0.055462
0 0.689545 0.351261 0.060654 0.050420
0 0.453711 0.470588 0.027933 0.104202
5 0.498803 0.886555 0.009577 0.035294
0 0.214286 0.694118 0.061453 0.047059
0 0.108939 0.684034 0.055068 0.047059
