7 0.897507 0.200772 0.016620 0.023166
7 0.892890 0.169884 0.014774 0.023166
7 0.513389 0.951737 0.009234 0.034749
0 0.589104 0.374517 0.053555 0.088803
0 0.451062 0.472973 0.026777 0.108108
0 0.211450 0.694015 0.059095 0.044402
0 0.103878 0.683398 0.058172 0.046332
0 0.942937 0.056303 0.039106 0.109244
0 0.893057 0.226050 0.062251 0.055462
7 0.741820 0.162185 0.011971 0.028571
0 0.688348 0.348739 0.061453 0.052101
7 0.502793 0.949580 0.009577 0.033613
0 0.296887 0.712605 0.075020 0.053782
7 0.287709 0.692437 0.011971 0.023529
7 0.389465 0.680672 0.007981 0.016807
