7 0.629687 0.343519 0.010937 0.023148
7 0.897526 0.175694 0.024219 0.031019
7 0.607552 0.329167 0.013021 0.017593
7 0.538802 0.496296 0.008333 0.023148
7 0.531901 0.494213 0.009115 0.015278
7 0.523958 0.481713 0.011979 0.017130
7 0.544792 0.544444 0.010937 0.019444
7 0.297266 0.693981 0.014844 0.021296
5 0.594661 0.309722 0.018490 0.025000
4 0.559115 0.301157 0.021354 0.034722
4 0.515234 0.397685 0.014844 0.046296
4 0.843880 0.346528 0.025781 0.020833
0 0.596484 0.375694 0.051823 0.079167
0 0.305599 0.715278 0.068490 0.048148
0 0.945730 0.059664 0.039904 0.115966
0 0.895850 0.231092 0.059856 0.052101
0 0.692338 0.353782 0.059856 0.048739
0 0.457302 0.475630 0.027135 0.104202
4 0.464086 0.942857 0.013567 0.047059
0 0.221069 0.696639 0.060654 0.045378
0 0.115722 0.688235 0.055866 0.052101
