7 0.741459 0.341699 0.014774 0.030888
7 0.878116 0.218147 0.020314 0.023166
7 0.297784 0.695946 0.013850 0.025097
5 0.472761 0.609073 0.014774 0.044402
5 0.487535 0.571429 0.011080 0.042471
0 0.956105 0.059664 0.039904 0.115966
7 0.879090 0.242017 0.023144 0.026891
0 0.905028 0.233613 0.060654 0.053782
0 0.699920 0.356303 0.060654 0.047059
0 0.460495 0.478151 0.028731 0.102521
0 0.306864 0.719328 0.075818 0.050420
0 0.220271 0.702521 0.062251 0.040336
0 0.114126 0.692437 0.057462 0.050420
4 0.851157 0.354622 0.026337 0.026891
