7 0.898438 0.163889 0.013021 0.023148
7 0.897917 0.200000 0.015625 0.021296
7 0.703646 0.315741 0.016667 0.025000
7 0.290885 0.690972 0.013021 0.015278
0 0.107552 0.687269 0.056250 0.054167
0 0.947326 0.054622 0.036712 0.105882
7 0.847566 0.175630 0.015962 0.021849
7 0.744613 0.159664 0.014366 0.030252
4 0.758180 0.287395 0.027135 0.026891
0 0.691540 0.350420 0.059856 0.048739
0 0.592179 0.368908 0.055866 0.082353
0 0.452514 0.470588 0.027135 0.104202
0 0.488029 0.879832 0.027933 0.089076
0 0.300479 0.710924 0.074222 0.053782
0 0.213887 0.696639 0.062251 0.042017
0 0.896648 0.225210 0.058260 0.057143
