7 0.897969 0.162162 0.017544 0.027027
7 0.744229 0.156371 0.012927 0.027027
7 0.777470 0.178571 0.012927 0.025097
7 0.771006 0.333977 0.016620 0.023166
7 0.547091 0.087838 0.013850 0.028958
7 0.561404 0.089768 0.011080 0.025097
7 0.291782 0.689189 0.016620 0.015444
4 0.117267 0.765444 0.027701 0.021236
0 0.106187 0.686293 0.053555 0.048263
7 0.411357 0.986486 0.015697 0.023166
0 0.948923 0.055462 0.039904 0.107563
7 0.899441 0.198319 0.019154 0.020168
0 0.855148 0.275630 0.063049 0.057143
0 0.690742 0.347899 0.061453 0.050420
0 0.592977 0.368067 0.057462 0.080672
0 0.454110 0.467227 0.028731 0.100840
0 0.300479 0.710924 0.074222 0.053782
0 0.214286 0.694118 0.063049 0.043697
0 0.897047 0.223529 0.060654 0.057143
