7 0.713296 0.324324 0.015697 0.023166
7 0.296399 0.694981 0.011080 0.019305
7 0.438596 0.869691 0.014774 0.032819
7 0.513850 0.910232 0.013850 0.025097
0 0.116343 0.692085 0.055402 0.052124
7 0.421053 0.986486 0.011080 0.023166
0 0.957702 0.057983 0.041500 0.115966
7 0.879090 0.222689 0.016760 0.021849
7 0.872706 0.236975 0.015164 0.020168
7 0.882283 0.240336 0.016760 0.023529
0 0.905826 0.231933 0.063847 0.060504
0 0.699920 0.356303 0.060654 0.047059
0 0.504789 0.106723 0.027933 0.109244
7 0.583001 0.274790 0.015164 0.028571
0 0.461692 0.477311 0.026337 0.104202
0 0.308061 0.720168 0.073424 0.055462
0 0.221069 0.700840 0.060654 0.047059
