0 0.465836 0.481660 0.024931 0.098456
0 0.906741 0.236486 0.057248 0.052124
0 0.955217 0.059846 0.037858 0.115830
0 0.314404 0.722008 0.071099 0.046332
0 0.123269 0.697876 0.056325 0.048263
4 0.489381 0.154440 0.012927 0.050193
4 0.842105 0.324324 0.025854 0.030888
7 0.554478 0.402510 0.013850 0.028958
7 0.302862 0.694015 0.014774 0.025097
7 0.877655 0.226834 0.015697 0.017375
7 0.878578 0.247104 0.019391 0.023166
4 0.874701 0.280672 0.027135 0.026891
4 0.766959 0.347899 0.025539 0.023529
7 0.750200 0.374790 0.014366 0.026891
0 0.701915 0.357983 0.061453 0.050420
0 0.579808 0.263025 0.056664 0.045378
4 0.534318 0.078151 0.011971 0.052101
4 0.509976 0.806723 0.012769 0.057143
0 0.227055 0.703361 0.061453 0.045378
