7 0.740997 0.166023 0.017544 0.027027
7 0.431671 0.639961 0.012004 0.025097
7 0.290859 0.693050 0.012927 0.019305
5 0.775162 0.322394 0.021237 0.023166
0 0.943675 0.058880 0.033241 0.113900
0 0.893352 0.232625 0.058172 0.055985
0 0.591413 0.373552 0.050785 0.075290
0 0.109418 0.690154 0.056325 0.048263
7 0.891860 0.174790 0.021548 0.026891
0 0.689944 0.354622 0.059856 0.047059
0 0.563049 0.254622 0.058260 0.062185
0 0.453711 0.473109 0.027933 0.102521
0 0.300878 0.715966 0.073424 0.057143
0 0.215882 0.700000 0.059856 0.048739
