7 0.896584 0.198842 0.020314 0.023166
7 0.292705 0.693050 0.009234 0.019305
7 0.870268 0.172780 0.013850 0.021236
7 0.388735 0.685328 0.014774 0.019305
5 0.690212 0.310811 0.021237 0.019305
0 0.592798 0.374517 0.051708 0.081081
0 0.109880 0.689189 0.051708 0.050193
0 0.943735 0.060504 0.037510 0.114286
7 0.743815 0.168067 0.011173 0.023529
0 0.453711 0.473109 0.027933 0.102521
0 0.300878 0.715966 0.073424 0.053782
0 0.893855 0.232773 0.060654 0.055462
0 0.690742 0.352941 0.059856 0.050420
0 0.642458 0.250420 0.060654 0.050420
0 0.215483 0.698319 0.062251 0.048739
