7 0.725762 0.333977 0.016620 0.023166
7 0.865651 0.206564 0.012004 0.030888
7 0.875808 0.237452 0.012004 0.027027
7 0.884118 0.244208 0.012004 0.032819
7 0.525392 0.705598 0.014774 0.021236
7 0.543398 0.471042 0.012004 0.027027
7 0.425669 0.979730 0.012927 0.025097
7 0.428901 0.701737 0.013850 0.028958
0 0.910896 0.235521 0.056325 0.054054
0 0.307018 0.722008 0.074792 0.057915
0 0.113112 0.693050 0.054478 0.057915
0 0.958899 0.057143 0.040702 0.110924
0 0.700718 0.354622 0.062251 0.050420
0 0.460495 0.478151 0.028731 0.102521
7 0.298883 0.700000 0.013567 0.021849
0 0.219872 0.702521 0.061453 0.043697
