0 0.466797 0.476852 0.025260 0.104630
0 0.521875 0.375231 0.040625 0.098611
0 0.958984 0.059028 0.034115 0.117130
0 0.313932 0.722917 0.072135 0.052315
0 0.228125 0.703704 0.060937 0.040741
0 0.121875 0.696991 0.057292 0.054167
4 0.496745 0.092824 0.012760 0.057870
4 0.490234 0.167130 0.011198 0.048148
4 0.540234 0.050000 0.011198 0.046296
7 0.303255 0.693981 0.013802 0.025000
7 0.878691 0.231933 0.020750 0.020168
7 0.877893 0.248739 0.022346 0.023529
0 0.907023 0.232773 0.061453 0.055462
7 0.749401 0.371429 0.014366 0.026891
7 0.638468 0.337815 0.014366 0.026891
4 0.594174 0.278151 0.024741 0.035294
4 0.766959 0.345378 0.030327 0.021849
0 0.701915 0.357143 0.061453 0.052101
