7 0.875346 0.221042 0.016620 0.025097
7 0.298246 0.694981 0.012927 0.023166
5 0.488458 0.258687 0.012927 0.046332
5 0.500462 0.236486 0.011080 0.044402
0 0.954755 0.061776 0.033241 0.115830
0 0.307941 0.718147 0.069252 0.046332
0 0.114497 0.691120 0.053555 0.050193
7 0.877095 0.241176 0.019154 0.025210
0 0.901437 0.233613 0.061453 0.053782
7 0.749800 0.347899 0.011971 0.026891
0 0.697925 0.355462 0.061453 0.052101
0 0.460096 0.477311 0.027933 0.100840
0 0.219872 0.700840 0.061453 0.043697
4 0.840782 0.347899 0.029529 0.026891
