7 0.687442 0.331081 0.012004 0.025097
7 0.619114 0.313707 0.010157 0.021236
7 0.525392 0.898649 0.012927 0.028958
7 0.879040 0.214286 0.018467 0.019305
0 0.909972 0.233591 0.058172 0.050193
0 0.305171 0.721042 0.074792 0.052124
0 0.958101 0.057983 0.040702 0.112605
7 0.885475 0.239496 0.011971 0.025210
7 0.871109 0.239496 0.016760 0.021849
0 0.700718 0.356303 0.059058 0.050420
0 0.460894 0.478992 0.026337 0.104202
7 0.458899 0.321849 0.012769 0.025210
7 0.296887 0.704202 0.011173 0.023529
0 0.421389 0.791597 0.047885 0.053782
0 0.217478 0.706723 0.058260 0.045378
0 0.111732 0.696639 0.059058 0.055462
