7 0.585873 0.172780 0.010157 0.021236
7 0.594645 0.153475 0.009234 0.017375
7 0.294090 0.697876 0.013850 0.021236
0 0.509695 0.288610 0.025854 0.110039
0 0.111265 0.689189 0.056325 0.050193
7 0.880686 0.226050 0.018356 0.018487
7 0.875898 0.246218 0.016760 0.025210
0 0.955307 0.058824 0.041500 0.117647
0 0.905826 0.232773 0.057462 0.055462
0 0.697526 0.355462 0.060654 0.048739
7 0.716680 0.405042 0.012769 0.026891
7 0.595770 0.176471 0.008779 0.020168
0 0.568635 0.260504 0.053472 0.053782
0 0.458899 0.475630 0.028731 0.104202
0 0.304868 0.718487 0.075020 0.055462
0 0.217079 0.700840 0.063847 0.047059
4 0.849561 0.349580 0.027933 0.026891
5 0.452514 0.954622 0.009577 0.040336
