7 0.898892 0.168919 0.021237 0.032819
7 0.534626 0.630309 0.009234 0.017375
7 0.528163 0.629344 0.009234 0.015444
7 0.521699 0.617761 0.012927 0.019305
7 0.538781 0.666023 0.012004 0.027027
7 0.297322 0.692085 0.012927 0.021236
0 0.594183 0.374517 0.050785 0.073359
0 0.305171 0.710425 0.069252 0.046332
0 0.944134 0.059664 0.038308 0.115966
0 0.895451 0.231092 0.062251 0.055462
0 0.693136 0.353782 0.061453 0.048739
4 0.843176 0.344538 0.029529 0.023529
7 0.657223 0.331092 0.016760 0.020168
5 0.700319 0.320168 0.024741 0.025210
0 0.456105 0.474790 0.024741 0.105882
0 0.218276 0.697479 0.061453 0.043697
0 0.113328 0.687395 0.054270 0.050420
