0 0.650521 0.257870 0.058333 0.044444
0 0.704036 0.358333 0.058073 0.046296
4 0.505599 0.667824 0.013802 0.061574
5 0.484766 0.494213 0.014844 0.050463
7 0.757161 0.377315 0.011198 0.025000
7 0.530990 0.669907 0.013021 0.030556
7 0.301042 0.695833 0.013021 0.025000
0 0.908619 0.232773 0.061453 0.055462
7 0.879888 0.241176 0.016760 0.028571
7 0.875100 0.225210 0.018356 0.023529
0 0.959298 0.057983 0.039904 0.112605
0 0.464485 0.478992 0.030327 0.104202
0 0.310455 0.724370 0.073424 0.050420
0 0.224262 0.705042 0.060654 0.042017
0 0.116919 0.694958 0.051875 0.048739
4 0.766560 0.347899 0.024741 0.023529
7 0.851955 0.368908 0.011971 0.025210
