0 0.590489 0.361004 0.050785 0.073359
0 0.297322 0.703668 0.072022 0.052124
0 0.942538 0.052941 0.041500 0.102521
7 0.899840 0.158824 0.018356 0.025210
7 0.895451 0.194958 0.020750 0.023529
0 0.893057 0.219328 0.060654 0.055462
7 0.739824 0.158824 0.014366 0.028571
0 0.687949 0.342857 0.062251 0.050420
0 0.492817 0.439496 0.026337 0.102521
0 0.450519 0.463866 0.027933 0.100840
7 0.526736 0.650420 0.012769 0.026891
7 0.288907 0.677311 0.012769 0.030252
0 0.211492 0.685714 0.060654 0.047059
0 0.106943 0.677311 0.059058 0.053782
