0 0.891505 0.227799 0.060018 0.054054
0 0.588181 0.372587 0.051708 0.077220
1 0.489843 0.625483 0.026777 0.104247
0 0.105725 0.687259 0.052632 0.050193
4 0.771006 0.303089 0.027701 0.027027
7 0.305267 0.675630 0.011971 0.023529
7 0.288508 0.686555 0.013567 0.021849
0 0.298085 0.709244 0.074222 0.057143
0 0.212291 0.694118 0.062251 0.047059
7 0.527534 0.629412 0.009577 0.021849
7 0.520750 0.635294 0.010375 0.026891
0 0.450519 0.468908 0.027933 0.100840
0 0.687949 0.349580 0.060654 0.050420
0 0.833998 0.285714 0.057462 0.053782
7 0.897446 0.201681 0.013567 0.023529
7 0.893057 0.168908 0.014366 0.021849
0 0.941740 0.057143 0.041500 0.110924
7 0.742219 0.160504 0.012769 0.025210
