7 0.897969 0.199807 0.013850 0.021236
7 0.895199 0.165058 0.013850 0.021236
7 0.738689 0.159266 0.016620 0.025097
7 0.288550 0.689189 0.013850 0.023166
0 0.892428 0.226834 0.056325 0.055985
0 0.588643 0.369691 0.056325 0.086873
1 0.713296 0.279923 0.056325 0.046332
0 0.943336 0.054622 0.038308 0.109244
0 0.688747 0.349580 0.060654 0.050420
0 0.451716 0.470588 0.027135 0.100840
7 0.520351 0.842017 0.011173 0.030252
7 0.507183 0.844538 0.011971 0.028571
0 0.298085 0.710924 0.074222 0.053782
0 0.212690 0.694118 0.059856 0.043697
0 0.106943 0.684874 0.059058 0.052101
