7 0.414127 0.908301 0.015697 0.025097
7 0.290859 0.688224 0.011080 0.021236
7 0.542936 0.173745 0.009234 0.023166
7 0.551247 0.166023 0.009234 0.019305
7 0.706833 0.170849 0.010157 0.017375
7 0.897045 0.196911 0.017544 0.023166
7 0.894275 0.163127 0.015697 0.021236
4 0.398892 0.787645 0.025854 0.023166
0 0.589104 0.368726 0.053555 0.084942
0 0.452447 0.469112 0.024007 0.100386
0 0.298246 0.712355 0.073869 0.054054
0 0.212835 0.693050 0.056325 0.038610
0 0.107110 0.683398 0.055402 0.050193
0 0.651636 0.252941 0.061453 0.045378
7 0.741421 0.160504 0.014366 0.025210
0 0.892658 0.221008 0.061453 0.055462
0 0.943336 0.055462 0.038308 0.104202
0 0.689545 0.347059 0.059058 0.052101
