0 0.120052 0.694907 0.051562 0.050000
0 0.466276 0.480787 0.027865 0.100463
4 0.342578 0.789583 0.024219 0.018981
4 0.854167 0.309954 0.027604 0.029167
7 0.748828 0.337037 0.014844 0.025000
7 0.517969 0.861111 0.013021 0.023148
0 0.312849 0.721849 0.075020 0.052101
7 0.302474 0.702521 0.011173 0.016807
0 0.225060 0.705042 0.059058 0.042017
0 0.959298 0.059664 0.039904 0.112605
7 0.879888 0.220168 0.018356 0.023529
7 0.880287 0.243697 0.022346 0.026891
0 0.907821 0.230252 0.064645 0.057143
0 0.703113 0.357143 0.060654 0.048739
