7 0.425208 0.564672 0.013850 0.028958
7 0.288550 0.692085 0.012004 0.021236
7 0.595106 0.168919 0.013850 0.025097
7 0.742844 0.157336 0.013850 0.028958
7 0.900277 0.196911 0.014774 0.023166
0 0.590028 0.369691 0.051708 0.079151
0 0.451524 0.465251 0.025854 0.104247
0 0.946129 0.052101 0.040702 0.104202
7 0.896249 0.159664 0.015962 0.026891
0 0.895052 0.221008 0.061453 0.055462
0 0.689146 0.346218 0.059856 0.050420
0 0.298085 0.710924 0.075818 0.053782
0 0.211093 0.693277 0.061453 0.045378
0 0.103751 0.687395 0.055866 0.050420
