7 0.610342 0.327220 0.012927 0.017375
7 0.623730 0.345560 0.008310 0.030888
7 0.904894 0.202703 0.014774 0.027027
7 0.297322 0.693050 0.011080 0.023166
5 0.753001 0.318533 0.023084 0.023166
5 0.526777 0.416988 0.010157 0.034749
0 0.694829 0.354247 0.060018 0.048263
0 0.593721 0.373552 0.053555 0.075290
0 0.306094 0.716216 0.072946 0.050193
0 0.114958 0.690154 0.052632 0.048263
4 0.842105 0.347490 0.025854 0.030888
7 0.552275 0.397479 0.011173 0.021849
0 0.458500 0.476471 0.026337 0.099160
0 0.946528 0.061345 0.039904 0.115966
0 0.897845 0.232773 0.059058 0.052101
7 0.559058 0.351261 0.007183 0.020168
7 0.551875 0.342857 0.008779 0.023529
7 0.565443 0.349580 0.010375 0.023529
0 0.219872 0.696639 0.058260 0.045378
