0 0.701754 0.359073 0.057248 0.046332
0 0.955679 0.061776 0.033241 0.115830
4 0.510619 0.809846 0.014774 0.055985
4 0.594183 0.346525 0.028624 0.025097
4 0.765466 0.348456 0.024007 0.028958
5 0.463989 0.928571 0.012004 0.054054
7 0.533703 0.582046 0.012927 0.017375
7 0.857802 0.206564 0.012927 0.038610
7 0.304709 0.694015 0.018467 0.025097
7 0.879489 0.245378 0.019154 0.026891
0 0.906225 0.233613 0.059856 0.053782
0 0.586592 0.261345 0.057462 0.045378
0 0.464086 0.479832 0.027933 0.102521
0 0.312849 0.719328 0.073424 0.057143
0 0.226257 0.704202 0.059856 0.040336
0 0.121708 0.694958 0.055068 0.052101
7 0.739026 0.364706 0.011173 0.030252
7 0.851157 0.369748 0.013567 0.023529
