7 0.863343 0.217181 0.016620 0.021236
7 0.741459 0.164093 0.014774 0.023166
7 0.293167 0.689189 0.013850 0.023166
4 0.783934 0.238417 0.029548 0.028958
0 0.301477 0.715251 0.074792 0.052124
0 0.108495 0.687259 0.056325 0.057915
0 0.025854 0.763514 0.051708 0.048263
5 0.714286 0.229412 0.028731 0.025210
0 0.944533 0.058824 0.037510 0.114286
0 0.895850 0.228571 0.058260 0.053782
0 0.690742 0.352941 0.059856 0.050420
0 0.592578 0.373109 0.056664 0.084034
0 0.453711 0.474790 0.027933 0.102521
0 0.427773 0.724370 0.057462 0.077311
0 0.213488 0.696639 0.058260 0.048739
4 0.417398 0.804202 0.030327 0.028571
5 0.217478 0.781513 0.031125 0.020168
