7 0.899815 0.171815 0.019391 0.027027
7 0.744229 0.341699 0.018467 0.019305
7 0.571560 0.353282 0.011080 0.027027
7 0.528163 0.822394 0.012927 0.027027
7 0.518467 0.823359 0.010157 0.017375
7 0.516620 0.801158 0.012004 0.027027
7 0.512927 0.704633 0.012004 0.015444
5 0.542475 0.349421 0.017544 0.030888
0 0.591874 0.376448 0.053555 0.077220
7 0.293167 0.692085 0.012004 0.025097
0 0.302401 0.717181 0.072946 0.052124
0 0.111265 0.692085 0.054478 0.052124
7 0.856744 0.282353 0.015164 0.020168
0 0.944533 0.057983 0.037510 0.115966
0 0.691540 0.352941 0.058260 0.050420
0 0.454509 0.475630 0.027933 0.104202
0 0.216281 0.699160 0.060654 0.043697
0 0.894254 0.232773 0.061453 0.055462
