0 0.943213 0.050193 0.034164 0.100386
7 0.740074 0.154440 0.017544 0.030888
7 0.513850 0.748069 0.013850 0.028958
7 0.282087 0.673745 0.013850 0.023166
0 0.589566 0.361969 0.054478 0.075290
0 0.450600 0.463320 0.025854 0.100386
0 0.441367 0.769305 0.057248 0.059846
0 0.296861 0.702703 0.071099 0.054054
0 0.103878 0.676641 0.056325 0.048263
7 0.903432 0.162185 0.015962 0.021849
7 0.898244 0.189916 0.021548 0.023529
0 0.893057 0.217647 0.062251 0.052101
0 0.688747 0.341176 0.059058 0.047059
5 0.531923 0.288235 0.011971 0.048739
0 0.211093 0.687395 0.059856 0.047059
4 0.070231 0.751261 0.030327 0.026891
4 0.820830 0.336975 0.031125 0.031933
