7 0.899815 0.200772 0.021237 0.019305
0 0.210988 0.692085 0.056325 0.048263
4 0.825023 0.341699 0.023084 0.023166
0 0.105746 0.684034 0.056664 0.053782
0 0.258978 0.768067 0.058260 0.047059
0 0.298085 0.710924 0.072626 0.053782
7 0.287709 0.686555 0.010375 0.025210
0 0.451317 0.468067 0.027933 0.102521
0 0.590184 0.368908 0.055068 0.082353
5 0.552275 0.357983 0.022346 0.047059
4 0.584198 0.253782 0.027135 0.026891
7 0.739824 0.158824 0.012769 0.025210
0 0.893057 0.224370 0.062251 0.052101
7 0.837590 0.278992 0.016760 0.023529
0 0.687949 0.346218 0.059058 0.050420
7 0.906624 0.162185 0.017558 0.021849
0 0.941341 0.054622 0.039106 0.105882
