7 0.610803 0.337838 0.010157 0.023166
7 0.620499 0.341699 0.011080 0.023166
7 0.874423 0.220077 0.018467 0.023166
7 0.294090 0.696911 0.015697 0.023166
5 0.481533 0.752896 0.017544 0.038610
5 0.464451 0.601351 0.011080 0.044402
0 0.596491 0.377413 0.053555 0.067568
0 0.458449 0.476834 0.024931 0.104247
0 0.306556 0.718147 0.072022 0.054054
4 0.846260 0.345560 0.028624 0.030888
0 0.112530 0.691597 0.055866 0.052101
0 0.219074 0.698319 0.059856 0.042017
0 0.695531 0.354622 0.058260 0.047059
0 0.899840 0.231092 0.059856 0.048739
0 0.949721 0.057983 0.039904 0.115966
7 0.691141 0.319328 0.014366 0.023529
