7 0.894661 0.170833 0.014844 0.017593
7 0.844922 0.340741 0.012760 0.021296
7 0.700260 0.325231 0.011979 0.017130
7 0.294531 0.691204 0.013021 0.019444
4 0.472266 0.722454 0.011198 0.042130
0 0.944661 0.059259 0.037760 0.117593
0 0.114453 0.686343 0.053385 0.048611
0 0.895451 0.231092 0.060654 0.052101
0 0.692338 0.353782 0.061453 0.052101
0 0.594174 0.373109 0.056664 0.087395
0 0.456903 0.473109 0.027933 0.099160
7 0.531923 0.701681 0.007183 0.018487
7 0.523144 0.696639 0.008779 0.021849
7 0.520750 0.703361 0.007183 0.021849
7 0.512370 0.703361 0.011173 0.025210
0 0.306065 0.714286 0.074222 0.057143
5 0.798883 0.334454 0.022346 0.023529
0 0.218675 0.697479 0.059058 0.043697
