4 0.440443 0.769305 0.025854 0.028958
0 0.293629 0.700772 0.072022 0.054054
0 0.447368 0.464286 0.026777 0.106178
0 0.586334 0.361004 0.051708 0.077220
0 0.891043 0.220077 0.057248 0.054054
0 0.940144 0.055462 0.041500 0.100840
7 0.892658 0.195798 0.018356 0.018487
7 0.897845 0.178992 0.017558 0.021849
7 0.709098 0.393277 0.013567 0.023529
0 0.685954 0.343697 0.059856 0.048739
0 0.490822 0.041176 0.025539 0.082353
7 0.461293 0.652941 0.012769 0.018487
7 0.268156 0.678151 0.009577 0.025210
0 0.101357 0.683193 0.059058 0.052101
0 0.208300 0.690756 0.060654 0.043697
1 0.231045 0.767227 0.072626 0.058824
