7 0.674977 0.250965 0.011080 0.027027
7 0.463527 0.222008 0.012927 0.023166
7 0.688366 0.333977 0.013850 0.023166
7 0.873961 0.206564 0.021237 0.023166
0 0.428440 0.791506 0.048015 0.046332
0 0.220683 0.704633 0.059095 0.042471
4 0.500000 0.871622 0.015697 0.052124
7 0.299681 0.700840 0.013567 0.020168
0 0.307263 0.723529 0.073424 0.052101
0 0.114525 0.696639 0.056664 0.052101
0 0.460894 0.480672 0.026337 0.104202
0 0.699920 0.358824 0.060654 0.048739
7 0.867917 0.242017 0.018356 0.023529
7 0.880287 0.245378 0.017558 0.020168
0 0.904629 0.233613 0.061453 0.053782
0 0.956105 0.060504 0.039904 0.117647
