4 0.474608 0.844595 0.016620 0.055985
7 0.744229 0.323359 0.014774 0.028958
7 0.881810 0.228764 0.020314 0.025097
7 0.302401 0.695946 0.015697 0.025097
0 0.118915 0.697479 0.057462 0.053782
0 0.225060 0.705882 0.060654 0.043697
0 0.304469 0.781513 0.056664 0.043697
0 0.310455 0.722689 0.075020 0.057143
0 0.464086 0.482353 0.027933 0.104202
4 0.511971 0.461345 0.013567 0.052101
4 0.554669 0.395798 0.019154 0.042017
0 0.702713 0.357143 0.061453 0.048739
7 0.758579 0.365546 0.015164 0.021849
4 0.766161 0.346218 0.030327 0.023529
4 0.804070 0.300000 0.026337 0.028571
7 0.879888 0.247059 0.023144 0.020168
0 0.907422 0.232773 0.062251 0.055462
0 0.958500 0.057143 0.039904 0.114286
