7 0.897969 0.164093 0.012004 0.023166
7 0.745614 0.158301 0.015697 0.030888
7 0.574792 0.344595 0.013850 0.021236
7 0.289474 0.683398 0.012004 0.019305
0 0.947368 0.055019 0.031394 0.110039
0 0.689289 0.348456 0.056325 0.048263
0 0.591874 0.365830 0.051708 0.075290
0 0.547553 0.268340 0.046168 0.061776
0 0.300554 0.711390 0.069252 0.048263
0 0.212835 0.695946 0.060018 0.040541
0 0.107741 0.684034 0.057462 0.053782
4 0.521548 0.447059 0.015164 0.047059
0 0.453312 0.468067 0.028731 0.102521
7 0.899441 0.190756 0.019154 0.021849
7 0.980447 0.213445 0.021548 0.023529
0 0.895451 0.225210 0.062251 0.053782
