7 0.568329 0.351351 0.012004 0.027027
7 0.729455 0.232625 0.012927 0.021236
7 0.895660 0.181467 0.018467 0.019305
7 0.896122 0.199807 0.015697 0.025097
0 0.891043 0.219112 0.062789 0.052124
0 0.686519 0.346525 0.061865 0.048263
0 0.588181 0.367761 0.051708 0.079151
0 0.297322 0.708494 0.073869 0.054054
0 0.208680 0.694015 0.059095 0.044402
0 0.104150 0.685714 0.056664 0.050420
7 0.289306 0.689076 0.011971 0.023529
0 0.448125 0.467227 0.027933 0.104202
1 0.563049 0.242857 0.074222 0.075630
0 0.940144 0.053782 0.036712 0.104202
