7 0.868359 0.207407 0.017448 0.025000
7 0.292187 0.688194 0.011979 0.029167
7 0.084896 0.730787 0.013021 0.017130
0 0.473177 0.811806 0.032292 0.086574
0 0.300521 0.715278 0.072917 0.048148
0 0.107943 0.688194 0.055469 0.052315
0 0.946528 0.056303 0.039904 0.112605
0 0.895451 0.226891 0.062251 0.053782
7 0.743017 0.161345 0.014366 0.023529
0 0.682362 0.252101 0.057462 0.050420
0 0.691540 0.349580 0.061453 0.050420
4 0.614924 0.316807 0.024741 0.025210
0 0.592578 0.370588 0.055068 0.078992
0 0.453711 0.470588 0.027933 0.104202
0 0.213089 0.696639 0.057462 0.042017
