7 0.902585 0.207529 0.019391 0.028958
7 0.622807 0.345560 0.010157 0.019305
7 0.549861 0.361969 0.008310 0.021236
7 0.556325 0.367761 0.006464 0.021236
7 0.562327 0.367761 0.011080 0.017375
7 0.545706 0.409266 0.012927 0.023166
5 0.527701 0.388031 0.012004 0.050193
5 0.781625 0.325290 0.023084 0.021236
4 0.841182 0.348456 0.027701 0.025097
4 0.492613 0.055019 0.012004 0.055985
0 0.946907 0.060811 0.036011 0.117761
0 0.896122 0.230695 0.060018 0.052124
0 0.594183 0.373552 0.052632 0.075290
0 0.457064 0.477799 0.025854 0.094595
7 0.296861 0.693050 0.012004 0.023166
0 0.305171 0.716216 0.072946 0.054054
0 0.693536 0.355462 0.060654 0.052101
7 0.609737 0.330252 0.011173 0.018487
0 0.114525 0.689076 0.056664 0.053782
0 0.220271 0.696639 0.060654 0.048739
