7 0.898892 0.193050 0.012004 0.023166
7 0.741459 0.158301 0.016620 0.019305
7 0.277008 0.678571 0.012927 0.021236
0 0.690212 0.348456 0.058172 0.048263
0 0.591413 0.369691 0.052632 0.075290
0 0.472761 0.839768 0.027701 0.100386
0 0.299169 0.710425 0.073869 0.054054
0 0.945331 0.056303 0.039106 0.109244
7 0.896249 0.164706 0.012769 0.023529
0 0.894653 0.226050 0.060654 0.052101
0 0.657223 0.254622 0.048683 0.048739
7 0.487630 0.520168 0.012769 0.021849
0 0.452514 0.470588 0.027135 0.104202
0 0.212291 0.694118 0.060654 0.047059
0 0.106544 0.689076 0.055068 0.050420
