0 0.704986 0.356178 0.060018 0.044402
0 0.115420 0.698842 0.051708 0.054054
4 0.457987 0.911197 0.018467 0.046332
7 0.764081 0.368726 0.012004 0.030888
7 0.518929 0.771236 0.012927 0.032819
7 0.300092 0.703668 0.014774 0.021236
0 0.223863 0.710084 0.061453 0.042017
0 0.310056 0.726891 0.075818 0.055462
0 0.963288 0.057143 0.038308 0.110924
7 0.883081 0.224370 0.021548 0.021849
7 0.884278 0.244538 0.019154 0.021849
0 0.911812 0.231092 0.061453 0.052101
0 0.464884 0.480672 0.027933 0.104202
5 0.478053 0.130252 0.011173 0.045378
4 0.796887 0.341176 0.027933 0.026891
0 0.876297 0.294958 0.060654 0.052101
