7 0.899815 0.180502 0.019391 0.013514
7 0.287165 0.684363 0.011080 0.025097
0 0.297322 0.708494 0.072022 0.050193
0 0.208680 0.693050 0.059095 0.054054
0 0.942937 0.055462 0.037510 0.104202
7 0.899441 0.195798 0.012769 0.021849
0 0.892259 0.221849 0.062251 0.057143
7 0.730247 0.168067 0.012769 0.026891
7 0.710295 0.300000 0.014366 0.025210
7 0.705906 0.318487 0.010375 0.018487
0 0.688348 0.344538 0.059856 0.050420
0 0.589385 0.366387 0.056664 0.084034
0 0.449721 0.467227 0.027933 0.104202
0 0.104150 0.684034 0.058260 0.053782
