7 0.529086 0.429537 0.009234 0.021236
0 0.589566 0.366795 0.054478 0.084942
0 0.299631 0.708494 0.071099 0.054054
0 0.211450 0.691120 0.060942 0.046332
0 0.106187 0.688224 0.053555 0.048263
0 0.942139 0.054622 0.039106 0.105882
7 0.894254 0.163025 0.013567 0.020168
7 0.898643 0.194958 0.012769 0.023529
0 0.891460 0.223529 0.062251 0.053782
0 0.688747 0.346218 0.060654 0.050420
4 0.681165 0.294118 0.027933 0.026891
4 0.501596 0.578992 0.011971 0.048739
7 0.538308 0.415126 0.013567 0.026891
0 0.501596 0.460504 0.027933 0.104202
0 0.450918 0.469748 0.027135 0.102521
7 0.344374 0.695798 0.011971 0.023529
0 0.368715 0.761345 0.057462 0.057143
7 0.288508 0.685714 0.015164 0.023529
7 0.741421 0.157983 0.012769 0.026891
