7 0.860111 0.271236 0.012004 0.021236
7 0.531394 0.707529 0.010157 0.021236
7 0.515697 0.742278 0.010157 0.017375
7 0.531394 0.727799 0.008310 0.019305
7 0.522161 0.727799 0.010157 0.015444
7 0.295937 0.693050 0.012004 0.015444
5 0.829178 0.258687 0.022161 0.023166
0 0.594183 0.377413 0.054478 0.083012
0 0.302862 0.714286 0.073869 0.050193
0 0.218375 0.699807 0.060018 0.044402
0 0.113573 0.691120 0.057248 0.054054
5 0.830407 0.338655 0.024741 0.025210
0 0.897446 0.231933 0.058260 0.053782
7 0.898643 0.169748 0.017558 0.023529
0 0.946528 0.057983 0.039904 0.115966
7 0.716680 0.326050 0.017558 0.020168
0 0.693536 0.352941 0.060654 0.050420
0 0.457302 0.474790 0.028731 0.102521
