7 0.870313 0.221065 0.019271 0.020833
7 0.297266 0.696759 0.014844 0.023148
5 0.325521 0.785648 0.021354 0.023148
0 0.308333 0.716204 0.068229 0.053704
4 0.842578 0.350463 0.023177 0.025000
0 0.895850 0.235294 0.061453 0.050420
0 0.945331 0.060504 0.039106 0.117647
7 0.805267 0.338655 0.014366 0.021849
7 0.724262 0.378992 0.010375 0.028571
0 0.693935 0.357143 0.059856 0.048739
0 0.596967 0.378151 0.054270 0.084034
0 0.457702 0.478151 0.026337 0.102521
0 0.219872 0.700840 0.058260 0.047059
0 0.115323 0.689076 0.058260 0.053782
5 0.186752 0.782353 0.025539 0.021849
