0 0.594183 0.377413 0.050785 0.079151
7 0.299169 0.695946 0.012927 0.032819
0 0.305171 0.719112 0.074792 0.048263
0 0.113573 0.686293 0.053555 0.052124
5 0.053093 0.782819 0.021237 0.025097
5 0.255771 0.788610 0.025854 0.025097
4 0.838412 0.350386 0.025854 0.025097
0 0.219473 0.699160 0.059058 0.043697
0 0.457702 0.477311 0.026337 0.104202
0 0.693935 0.357143 0.061453 0.048739
7 0.735834 0.326050 0.014366 0.023529
7 0.844773 0.326891 0.011971 0.018487
0 0.946927 0.058824 0.039106 0.117647
7 0.879489 0.200000 0.020750 0.026891
0 0.897047 0.234454 0.062251 0.055462
