4 0.233984 0.212269 0.013802 0.054167
4 0.365625 0.326389 0.029687 0.026852
0 0.430208 0.873611 0.033333 0.129630
7 0.025391 0.279861 0.019531 0.034722
7 0.983854 0.728704 0.022917 0.028704
4 0.829210 0.700000 0.031923 0.028571
5 0.705906 0.626050 0.031125 0.025210
1 0.589785 0.942017 0.031923 0.109244
0 0.638069 0.378992 0.071030 0.058824
0 0.413009 0.071429 0.039106 0.109244
0 0.146848 0.355462 0.075020 0.052101
1 0.035116 0.355462 0.068635 0.092437
7 0.138468 0.379832 0.013567 0.023529
4 0.195132 0.212605 0.023144 0.055462
4 0.512370 0.247899 0.011173 0.065546
