0 0.543359 0.706713 0.030469 0.127315
0 0.435807 0.870833 0.036719 0.138889
0 0.395573 0.467361 0.069271 0.057870
4 0.373958 0.334028 0.033333 0.034722
4 0.244661 0.215278 0.012760 0.044444
4 0.260807 0.568519 0.034115 0.028704
4 0.551077 0.958824 0.015164 0.058824
0 0.966879 0.517647 0.064645 0.057143
4 0.830008 0.697479 0.030327 0.033613
1 0.591780 0.942017 0.032721 0.112605
1 0.039505 0.357983 0.079010 0.087395
0 0.417797 0.078992 0.037510 0.110924
7 0.494014 0.060504 0.012769 0.026891
0 0.642059 0.382353 0.069433 0.062185
0 0.660016 0.484034 0.070231 0.057143
4 0.202713 0.219328 0.023943 0.052101
