7 0.299089 0.376620 0.018490 0.034722
7 0.293229 0.319444 0.011979 0.025000
0 0.944141 0.423843 0.073177 0.059722
0 0.955208 0.597454 0.059896 0.052315
0 0.414974 0.068519 0.037760 0.110185
0 0.429297 0.870833 0.035156 0.138889
1 0.036589 0.342593 0.072656 0.090741
0 0.295052 0.346528 0.058333 0.048611
4 0.825911 0.697917 0.034115 0.040278
1 0.586193 0.939496 0.031125 0.110924
4 0.235834 0.206723 0.015164 0.050420
4 0.196728 0.212605 0.024741 0.052101
4 0.371508 0.325210 0.035914 0.035294
1 0.171987 0.587395 0.096568 0.065546
1 0.493615 0.163025 0.034318 0.141176
