0 0.415051 0.067568 0.041551 0.108108
1 0.493536 0.159266 0.034164 0.133205
1 0.177747 0.583012 0.091413 0.054054
4 0.682825 0.453668 0.034164 0.034749
4 0.379040 0.321429 0.030471 0.028958
4 0.200831 0.205598 0.023084 0.055985
1 0.588188 0.934992 0.035116 0.126806
4 0.824820 0.684874 0.034318 0.031933
0 0.432562 0.857143 0.033520 0.144538
4 0.016361 0.491597 0.031125 0.031933
7 0.292897 0.370588 0.012769 0.031933
0 0.299681 0.347899 0.058260 0.053782
1 0.039106 0.341176 0.076616 0.084034
4 0.239425 0.208403 0.012769 0.057143
