7 0.795476 0.366795 0.017544 0.034749
0 0.433980 0.855212 0.033241 0.131274
0 0.418283 0.072394 0.035088 0.110039
4 0.824100 0.686293 0.030471 0.032819
4 0.204063 0.202703 0.020314 0.065637
4 0.246999 0.201737 0.017544 0.048263
4 0.499077 0.829151 0.017544 0.055985
5 0.714286 0.619328 0.025539 0.021849
4 0.046688 0.511765 0.031125 0.021849
4 0.374302 0.324370 0.028731 0.033613
1 0.041500 0.338655 0.081405 0.089076
1 0.587390 0.932773 0.035116 0.121008
1 0.496808 0.159664 0.034318 0.134454
0 0.940144 0.418487 0.073424 0.060504
