7 0.649089 0.741204 0.014844 0.023148
7 0.629297 0.758796 0.013802 0.023148
7 0.291406 0.369676 0.011979 0.025463
7 0.301953 0.369676 0.011198 0.020833
0 0.434896 0.866667 0.034896 0.138889
0 0.295573 0.348380 0.060937 0.052315
0 0.412630 0.064815 0.038802 0.113889
1 0.496354 0.152546 0.035937 0.139352
4 0.832292 0.690046 0.028646 0.032870
4 0.604297 0.682407 0.023177 0.051852
4 0.370312 0.322454 0.036979 0.034722
4 0.194401 0.205556 0.021094 0.063889
4 0.237240 0.207639 0.016667 0.056019
5 0.648045 0.684034 0.027135 0.026891
7 0.654429 0.690756 0.014366 0.026891
1 0.034318 0.346218 0.068635 0.084034
1 0.171189 0.589076 0.098164 0.065546
0 0.949721 0.410924 0.073424 0.062185
1 0.591381 0.938655 0.031923 0.112605
