7 0.319531 0.390972 0.016667 0.025463
7 0.330078 0.360185 0.013802 0.021296
7 0.299609 0.317593 0.015885 0.032407
0 0.418750 0.074306 0.038021 0.098611
0 0.299089 0.352315 0.055469 0.051852
0 0.435807 0.865741 0.031510 0.133333
0 0.786328 0.588657 0.074740 0.057870
1 0.499609 0.165046 0.031510 0.129167
1 0.040104 0.345602 0.076563 0.096759
4 0.377734 0.328241 0.035156 0.038889
4 0.245182 0.208565 0.017448 0.050463
5 0.986433 0.440336 0.023943 0.023529
4 0.642857 0.641176 0.029529 0.042017
4 0.830008 0.697479 0.030327 0.026891
1 0.591381 0.941176 0.033520 0.114286
1 0.178771 0.587395 0.095770 0.068908
1 0.451317 0.048739 0.037510 0.090756
4 0.203512 0.214286 0.023943 0.055462
