7 0.963066 0.460425 0.020314 0.028958
7 0.850877 0.406371 0.017544 0.028958
0 0.434903 0.859073 0.033241 0.138996
0 0.418744 0.068533 0.036011 0.110039
4 0.825485 0.692085 0.035088 0.036680
4 0.374885 0.322394 0.036934 0.034749
4 0.518929 0.572394 0.035088 0.032819
1 0.586991 0.933613 0.034318 0.119328
4 0.205108 0.206723 0.023943 0.053782
5 0.894254 0.627731 0.029529 0.028571
1 0.497207 0.159664 0.035116 0.137815
4 0.244613 0.207563 0.016760 0.055462
1 0.041899 0.338655 0.080607 0.089076
0 0.940942 0.418487 0.073424 0.060504
