7 0.311589 0.637037 0.019531 0.026852
7 0.297786 0.379398 0.013802 0.040278
0 0.945573 0.417824 0.071875 0.059722
0 0.439063 0.863889 0.034375 0.140741
1 0.184245 0.585880 0.097135 0.056019
4 0.829167 0.689120 0.034896 0.034722
4 0.204557 0.214352 0.021094 0.050000
4 0.248828 0.211343 0.013802 0.048611
7 0.517969 0.149537 0.013021 0.025000
1 0.039904 0.347059 0.079808 0.089076
0 0.304469 0.352101 0.058260 0.058824
4 0.379090 0.328571 0.031923 0.031933
1 0.593376 0.937815 0.032721 0.117647
5 0.522346 0.394958 0.032721 0.026891
7 0.521548 0.173950 0.011971 0.025210
4 0.106943 0.337815 0.031923 0.036975
1 0.499202 0.164706 0.034318 0.137815
0 0.420192 0.073109 0.035914 0.109244
