5 0.303255 0.596528 0.030469 0.023611
7 0.634375 0.406250 0.010937 0.029167
0 0.413281 0.080093 0.035937 0.106481
0 0.640365 0.383102 0.067187 0.059722
0 0.430859 0.875463 0.030469 0.133333
1 0.037370 0.354167 0.071094 0.087037
4 0.827344 0.702546 0.033333 0.034722
4 0.238151 0.216204 0.014844 0.046296
4 0.370703 0.331944 0.026823 0.023148
7 0.909816 0.569748 0.023943 0.026891
1 0.587789 0.945378 0.032721 0.105882
4 0.196728 0.215966 0.024741 0.062185
0 0.148843 0.360504 0.072626 0.055462
7 0.027933 0.289916 0.022346 0.031933
4 0.513168 0.243697 0.014366 0.080672
