7 0.283073 0.380324 0.015625 0.027315
4 0.246094 0.209491 0.011979 0.040278
5 0.452865 0.169676 0.017708 0.057870
5 0.704167 0.418981 0.028646 0.023148
7 0.937350 0.361345 0.013567 0.023529
5 0.615722 0.380672 0.027933 0.028571
4 0.827614 0.693277 0.028731 0.031933
4 0.554270 0.884874 0.013567 0.055462
1 0.588587 0.936975 0.032721 0.119328
1 0.488029 0.905042 0.034318 0.139496
0 0.434557 0.862185 0.031125 0.137815
1 0.179968 0.584034 0.093376 0.065546
1 0.217079 0.510084 0.087789 0.062185
1 0.039904 0.345378 0.079808 0.089076
0 0.302873 0.352101 0.058260 0.058824
7 0.306464 0.379832 0.017558 0.030252
0 0.418196 0.072269 0.036712 0.107563
1 0.497606 0.167227 0.032721 0.139496
4 0.203512 0.213445 0.025539 0.053782
4 0.376297 0.329412 0.032721 0.030252
