7 0.498615 0.268340 0.012927 0.027027
0 0.698523 0.452703 0.067405 0.063707
0 0.829640 0.514479 0.074792 0.059846
0 0.431671 0.854247 0.034164 0.137066
1 0.497692 0.144788 0.035088 0.138996
1 0.035549 0.325290 0.071099 0.086873
4 0.823638 0.684363 0.036934 0.032819
4 0.583102 0.625483 0.026777 0.061776
4 0.371191 0.310811 0.029548 0.034749
4 0.198061 0.195946 0.023084 0.055985
4 0.239612 0.194981 0.017544 0.057915
4 0.121884 0.433398 0.031394 0.036680
5 0.057248 0.386100 0.031394 0.030888
5 0.098338 0.384170 0.030471 0.034749
1 0.585395 0.933613 0.034318 0.129412
0 0.944533 0.410924 0.074222 0.062185
0 0.416600 0.057143 0.038308 0.110924
