7 0.357341 0.286680 0.014774 0.028958
7 0.515235 0.041506 0.012927 0.032819
0 0.418744 0.060811 0.037858 0.102317
0 0.432595 0.849421 0.028624 0.135135
1 0.586334 0.930502 0.029548 0.131274
1 0.813019 0.460425 0.091413 0.083012
1 0.468144 0.650579 0.072022 0.142857
1 0.039705 0.325290 0.075716 0.086873
1 0.498153 0.192085 0.034164 0.144788
4 0.824100 0.686293 0.032318 0.028958
4 0.376731 0.314672 0.029548 0.019305
4 0.204063 0.196911 0.020314 0.046332
4 0.243306 0.197876 0.015697 0.048263
5 0.592336 0.398649 0.024931 0.032819
5 0.627424 0.393822 0.028624 0.027027
