7 0.149479 0.634259 0.020313 0.028704
7 0.407682 0.721991 0.013802 0.034722
0 0.414583 0.072454 0.036979 0.106019
0 0.533333 0.650463 0.052604 0.108333
0 0.435286 0.864815 0.034115 0.138889
1 0.496354 0.159259 0.032292 0.137037
1 0.178646 0.587731 0.093229 0.056019
1 0.038802 0.349537 0.075521 0.092593
4 0.102995 0.335880 0.030469 0.031019
4 0.197135 0.210417 0.022917 0.050463
4 0.242448 0.207407 0.011979 0.044444
4 0.374870 0.326157 0.035156 0.031019
5 0.125521 0.513657 0.031250 0.031019
5 0.038802 0.579167 0.029687 0.030556
0 0.299282 0.350420 0.059058 0.055462
7 0.297287 0.373950 0.016760 0.031933
7 0.512370 0.141176 0.014366 0.026891
1 0.590982 0.938655 0.032721 0.119328
0 0.943735 0.415126 0.074222 0.060504
4 0.830008 0.690756 0.030327 0.026891
7 0.519553 0.163866 0.011173 0.028571
