7 0.988021 0.768287 0.020313 0.027315
7 0.311198 0.307870 0.013021 0.028704
0 0.437630 0.886111 0.031510 0.142593
4 0.816276 0.615741 0.035156 0.026852
4 0.836198 0.711343 0.028646 0.029167
4 0.030469 0.553009 0.044271 0.036574
4 0.374479 0.336806 0.035937 0.032870
7 0.548438 0.301157 0.010937 0.027315
7 0.966879 0.764706 0.018356 0.026891
1 0.595770 0.947899 0.032721 0.097479
0 0.341580 0.542017 0.071828 0.055462
1 0.036712 0.359664 0.071828 0.087395
0 0.418196 0.078151 0.038308 0.112605
4 0.197526 0.220168 0.024741 0.053782
4 0.241022 0.211765 0.012769 0.040336
