7 0.360547 0.292361 0.013802 0.029167
7 0.373958 0.290509 0.014583 0.025463
0 0.414974 0.062731 0.037760 0.106019
0 0.296875 0.344676 0.059896 0.056019
0 0.206901 0.449769 0.070052 0.057870
1 0.036198 0.342593 0.071875 0.094444
1 0.173568 0.585880 0.096094 0.063426
5 0.640885 0.415972 0.033333 0.029167
4 0.416016 0.440972 0.030469 0.036574
4 0.096484 0.424769 0.039844 0.038426
4 0.833854 0.693981 0.036979 0.037037
4 0.371224 0.322454 0.033073 0.027315
4 0.197526 0.206713 0.022135 0.057870
4 0.239583 0.199769 0.019271 0.059722
0 0.688747 0.492437 0.073424 0.063866
1 0.591780 0.941176 0.032721 0.110924
0 0.432961 0.868908 0.035914 0.144538
7 0.025938 0.270588 0.023144 0.033613
1 0.496808 0.156303 0.034318 0.144538
