7 0.151823 0.397685 0.015625 0.030556
7 0.030469 0.290509 0.018229 0.032870
5 0.875391 0.651620 0.027865 0.029167
4 0.821354 0.697917 0.032292 0.032870
4 0.372656 0.334028 0.032292 0.031019
0 0.431641 0.867593 0.034115 0.137037
1 0.038411 0.355093 0.074740 0.088889
1 0.586193 0.942017 0.031125 0.112605
0 0.636073 0.383193 0.070231 0.060504
1 0.455307 0.224370 0.032721 0.142857
0 0.412610 0.079832 0.038308 0.109244
0 0.150838 0.358824 0.073424 0.052101
4 0.237829 0.222689 0.012769 0.058824
4 0.199122 0.217647 0.023144 0.058824
4 0.512370 0.244538 0.011173 0.062185
