0 0.417359 0.075290 0.033241 0.104247
0 0.433980 0.863900 0.031394 0.133205
0 0.128347 0.470077 0.066482 0.059846
5 0.381810 0.403475 0.026777 0.030888
4 0.377193 0.332046 0.032318 0.027027
4 0.243767 0.206564 0.012927 0.038610
4 0.825619 0.694118 0.032721 0.033613
1 0.589785 0.938655 0.031923 0.119328
0 0.450519 0.478151 0.071030 0.058824
0 0.301676 0.353782 0.055866 0.052101
1 0.178372 0.586555 0.094972 0.063866
7 0.177574 0.547059 0.021548 0.021849
7 0.179968 0.629412 0.016760 0.025210
4 0.202713 0.214286 0.023943 0.055462
7 0.664804 0.305882 0.012769 0.030252
1 0.039904 0.349580 0.079808 0.090756
1 0.470870 0.273109 0.052674 0.132773
