7 0.900277 0.429537 0.014774 0.025097
7 0.188827 0.608108 0.012004 0.023166
0 0.944598 0.418919 0.072022 0.057915
0 0.436750 0.859073 0.031394 0.135135
0 0.304247 0.346525 0.060018 0.052124
0 0.420129 0.069498 0.038781 0.104247
1 0.181440 0.580116 0.095106 0.055985
1 0.041551 0.342664 0.081256 0.090734
4 0.827331 0.690154 0.036934 0.032819
4 0.958449 0.483591 0.040628 0.036680
4 0.710065 0.465251 0.036934 0.030888
4 0.376270 0.321429 0.030471 0.028958
4 0.204063 0.206564 0.024007 0.054054
4 0.246076 0.205598 0.015697 0.040541
1 0.590583 0.933613 0.033520 0.119328
1 0.498803 0.161345 0.033520 0.141176
