7 0.295573 0.318519 0.016667 0.026852
0 0.433073 0.865741 0.033333 0.133333
0 0.298698 0.345602 0.058333 0.054167
0 0.414974 0.065741 0.034115 0.108333
1 0.495833 0.156481 0.036979 0.135185
4 0.830078 0.693981 0.029427 0.025000
4 0.371224 0.325463 0.031510 0.025000
4 0.239583 0.201852 0.011979 0.044444
0 0.908619 0.566387 0.074222 0.057143
0 0.944932 0.416807 0.075020 0.060504
1 0.588986 0.940336 0.033520 0.115966
1 0.174781 0.583193 0.095770 0.067227
1 0.038308 0.339496 0.075020 0.080672
4 0.199920 0.206723 0.021548 0.057143
7 0.293296 0.373950 0.016760 0.028571
