0 0.388273 0.419884 0.069252 0.055985
0 0.938135 0.414093 0.070175 0.063707
0 0.029548 0.503861 0.059095 0.061776
0 0.433056 0.850386 0.033241 0.140927
1 0.167590 0.423745 0.093259 0.063707
1 0.039705 0.332046 0.077562 0.096525
1 0.495383 0.149614 0.034164 0.140927
4 0.820868 0.685328 0.033241 0.034749
4 0.563712 0.495174 0.026777 0.055985
4 0.199908 0.197876 0.019391 0.055985
4 0.243767 0.197876 0.012927 0.059846
4 0.375346 0.318533 0.034164 0.030888
5 0.138966 0.585907 0.034164 0.025097
1 0.585794 0.930177 0.036712 0.130016
0 0.415802 0.062185 0.036712 0.114286
