7 0.299219 0.380324 0.016667 0.031019
7 0.316667 0.329167 0.013021 0.025000
7 0.519401 0.162269 0.015885 0.031019
0 0.942708 0.420833 0.073958 0.062037
0 0.432161 0.869676 0.035156 0.141204
0 0.297266 0.352315 0.059115 0.051852
1 0.175000 0.590741 0.096875 0.062037
1 0.495833 0.167824 0.036979 0.143056
4 0.873047 0.598380 0.039844 0.034722
4 0.371615 0.329167 0.035937 0.032407
4 0.238672 0.209491 0.015885 0.040278
7 0.786911 0.727731 0.012769 0.020168
5 0.828811 0.721849 0.029529 0.018487
7 0.807263 0.737815 0.013567 0.023529
7 0.830407 0.732773 0.015164 0.023529
4 0.829210 0.697479 0.027135 0.026891
1 0.588986 0.939496 0.033520 0.114286
1 0.036313 0.349580 0.072626 0.084034
4 0.197127 0.215126 0.023943 0.057143
0 0.414605 0.071429 0.039106 0.109244
