0 0.412742 0.076255 0.038781 0.106178
1 0.494922 0.163127 0.033241 0.144788
4 0.240997 0.210425 0.014774 0.054054
4 0.820830 0.688235 0.032721 0.028571
1 0.586592 0.934454 0.031923 0.117647
0 0.432163 0.858824 0.032721 0.134454
1 0.176776 0.584874 0.093376 0.063866
0 0.307263 0.479832 0.070231 0.062185
4 0.375499 0.428571 0.035914 0.030252
4 0.370311 0.328571 0.033520 0.038655
7 0.293296 0.373950 0.016760 0.028571
0 0.299282 0.350420 0.057462 0.055462
1 0.038707 0.345378 0.077414 0.085714
4 0.201117 0.212605 0.023943 0.055462
