7 0.300092 0.647683 0.012927 0.021236
7 0.252078 0.467181 0.020314 0.023166
4 0.825023 0.688224 0.034164 0.032819
4 0.494922 0.913127 0.018467 0.065637
4 0.373961 0.322394 0.033241 0.034749
4 0.202678 0.203668 0.023084 0.059846
7 0.201117 0.486555 0.022346 0.025210
1 0.587789 0.934454 0.031125 0.124370
0 0.301676 0.344538 0.059058 0.057143
5 0.308460 0.615126 0.026337 0.016807
7 0.305666 0.624370 0.017558 0.015126
7 0.308460 0.636975 0.019952 0.013445
0 0.940144 0.416807 0.075020 0.063866
1 0.178771 0.579832 0.095770 0.057143
1 0.040303 0.338655 0.079010 0.089076
4 0.243416 0.203361 0.015962 0.047059
0 0.433360 0.857983 0.031923 0.136134
1 0.495611 0.160504 0.030327 0.136134
0 0.416201 0.067227 0.037510 0.107563
