0 0.412742 0.071429 0.036934 0.111969
0 0.431671 0.861969 0.032318 0.133205
1 0.037858 0.348456 0.072022 0.086873
4 0.373500 0.322394 0.032318 0.034749
4 0.121422 0.382239 0.028624 0.030888
4 0.241459 0.209459 0.013850 0.048263
4 0.825485 0.687259 0.033241 0.027027
1 0.588587 0.935294 0.031125 0.115966
1 0.509178 0.842857 0.044693 0.149580
1 0.176377 0.584034 0.097366 0.065546
7 0.289705 0.374790 0.019154 0.033613
0 0.299282 0.350420 0.057462 0.055462
4 0.198723 0.210924 0.022346 0.052101
1 0.493615 0.162185 0.032721 0.142857
