7 0.295443 0.328241 0.012760 0.026852
7 0.301042 0.378241 0.014583 0.026852
0 0.433464 0.872685 0.030469 0.131481
1 0.496354 0.168981 0.035937 0.137037
4 0.374870 0.329167 0.031510 0.025000
4 0.198568 0.209491 0.022135 0.056019
4 0.244271 0.211343 0.015625 0.048611
7 0.925379 0.741176 0.011971 0.016807
7 0.933759 0.733613 0.014366 0.018487
7 0.922586 0.753782 0.012769 0.018487
5 0.924182 0.725210 0.025539 0.018487
5 0.837989 0.636975 0.023943 0.026891
4 0.827614 0.697479 0.030327 0.030252
1 0.038308 0.347059 0.075020 0.089076
0 0.299681 0.353782 0.058260 0.052101
1 0.588188 0.941176 0.031923 0.110924
0 0.942937 0.424370 0.072626 0.062185
1 0.175180 0.591597 0.099761 0.060504
0 0.415403 0.073950 0.037510 0.110924
