7 0.041536 0.591667 0.024219 0.028704
7 0.297786 0.368750 0.015885 0.027315
7 0.513932 0.135185 0.010156 0.030556
7 0.521745 0.155324 0.012760 0.032870
0 0.435417 0.867824 0.035937 0.141204
0 0.415495 0.064583 0.038802 0.106019
0 0.298177 0.346528 0.057292 0.056019
1 0.497266 0.155324 0.036198 0.141204
1 0.037891 0.343519 0.072135 0.096296
7 0.507292 0.060880 0.011979 0.032870
4 0.835156 0.693056 0.034375 0.030556
4 0.371615 0.321528 0.032292 0.032870
4 0.240495 0.199769 0.013802 0.048611
0 0.951317 0.411765 0.076616 0.063866
7 0.365523 0.551261 0.011173 0.023529
1 0.174381 0.584874 0.096568 0.063866
5 0.459298 0.742017 0.013567 0.058824
1 0.592977 0.941176 0.031923 0.114286
4 0.099761 0.331092 0.030327 0.033613
4 0.197925 0.206723 0.023943 0.053782
