0 0.433980 0.861969 0.033241 0.144788
7 0.293167 0.374517 0.012004 0.027027
7 0.303786 0.373552 0.012927 0.025097
4 0.920591 0.617761 0.033241 0.030888
4 0.370729 0.329151 0.034164 0.032819
5 0.696329 0.673950 0.026337 0.020168
1 0.588188 0.933613 0.033520 0.122689
7 0.705507 0.686555 0.011173 0.021849
7 0.686752 0.722689 0.010375 0.023529
7 0.697925 0.714286 0.011971 0.020168
7 0.509976 0.159664 0.012769 0.030252
4 0.826417 0.686555 0.035914 0.028571
4 0.197925 0.213445 0.025539 0.053782
1 0.037909 0.344538 0.074222 0.087395
1 0.177973 0.586555 0.097366 0.060504
0 0.298484 0.349580 0.059058 0.053782
0 0.940543 0.413445 0.072626 0.060504
4 0.239425 0.207563 0.012769 0.052101
1 0.493615 0.161345 0.032721 0.137815
0 0.413408 0.071429 0.038308 0.109244
