0 0.431210 0.865830 0.035088 0.133205
0 0.296861 0.352317 0.056325 0.048263
1 0.493075 0.167954 0.033241 0.146718
4 0.369344 0.328185 0.033241 0.038610
4 0.197599 0.211390 0.022161 0.063707
4 0.242382 0.208494 0.017544 0.054054
4 0.824820 0.690756 0.029529 0.026891
1 0.586193 0.937815 0.032721 0.114286
5 0.471269 0.972269 0.015164 0.048739
0 0.509976 0.452101 0.068635 0.053782
0 0.414605 0.074790 0.037510 0.109244
7 0.327614 0.375630 0.019952 0.021849
1 0.175579 0.587395 0.097366 0.065546
1 0.039106 0.347899 0.076616 0.084034
