0 0.412742 0.071429 0.036934 0.104247
0 0.431210 0.863900 0.031394 0.137066
4 0.819945 0.694015 0.031394 0.032819
4 0.369344 0.330116 0.035088 0.038610
4 0.198523 0.209459 0.024007 0.063707
4 0.238227 0.212355 0.012927 0.057915
0 0.797686 0.589076 0.071030 0.065546
1 0.584198 0.935294 0.033520 0.119328
1 0.174781 0.586555 0.095770 0.063866
5 0.228252 0.467227 0.023943 0.050420
1 0.037909 0.347899 0.074222 0.080672
0 0.297686 0.352101 0.057462 0.055462
1 0.492019 0.169748 0.034318 0.137815
0 0.690742 0.460504 0.061453 0.053782
