0 0.414589 0.077220 0.033241 0.104247
1 0.537396 0.733591 0.031394 0.138996
4 0.373500 0.330116 0.036011 0.030888
7 0.512927 0.148649 0.010157 0.019305
7 0.516620 0.177606 0.012004 0.027027
1 0.493075 0.164093 0.033241 0.142857
4 0.825946 0.690154 0.024931 0.032819
1 0.586592 0.938202 0.031923 0.120385
0 0.932163 0.418487 0.075020 0.060504
3 0.686752 0.458824 0.093376 0.073950
1 0.179569 0.587395 0.092578 0.062185
1 0.039904 0.347899 0.078212 0.084034
0 0.300479 0.354622 0.058260 0.057143
7 0.297686 0.378151 0.015962 0.033613
7 0.426576 0.273109 0.013567 0.031933
4 0.670790 0.645378 0.032721 0.030252
0 0.433360 0.863025 0.031923 0.139496
4 0.105347 0.336134 0.030327 0.033613
4 0.201516 0.215126 0.023144 0.060504
4 0.241820 0.215966 0.014366 0.058824
