7 0.297396 0.379398 0.016667 0.029167
7 0.512500 0.144907 0.013021 0.026852
0 0.942318 0.418981 0.071094 0.062037
0 0.692969 0.548380 0.069271 0.054167
0 0.433073 0.862037 0.033333 0.133333
0 0.299089 0.351389 0.067448 0.052778
1 0.495443 0.163889 0.034115 0.135185
4 0.825391 0.693981 0.035156 0.037037
4 0.296354 0.515509 0.029687 0.034722
4 0.198958 0.209491 0.025000 0.056019
7 0.780527 0.700000 0.012769 0.021849
7 0.782921 0.714286 0.009577 0.020168
7 0.779330 0.723529 0.010375 0.025210
5 0.780527 0.680672 0.017558 0.036975
7 0.323224 0.381513 0.019154 0.030252
1 0.587390 0.939496 0.031923 0.114286
1 0.037510 0.347899 0.075020 0.080672
4 0.371508 0.327731 0.035914 0.030252
4 0.241022 0.210084 0.014366 0.047059
1 0.175978 0.587395 0.098164 0.062185
0 0.413807 0.072269 0.037510 0.110924
