7 0.891927 0.722222 0.013021 0.023148
7 0.863802 0.741204 0.019271 0.023148
7 0.298698 0.379167 0.019271 0.025000
7 0.295964 0.324306 0.015885 0.027315
0 0.942708 0.423611 0.073958 0.063889
0 0.432682 0.868750 0.030469 0.134722
0 0.414583 0.075231 0.036979 0.104167
1 0.496745 0.168056 0.035156 0.138889
1 0.176823 0.588889 0.093229 0.062037
4 0.200391 0.217130 0.018490 0.051852
4 0.242839 0.214352 0.012760 0.046296
5 0.621354 0.689352 0.027604 0.046296
5 0.887071 0.714286 0.029529 0.020168
7 0.871508 0.723529 0.014366 0.021849
4 0.828013 0.696639 0.027933 0.028571
1 0.588188 0.942017 0.030327 0.109244
4 0.371907 0.329412 0.039904 0.033613
1 0.039505 0.347059 0.077414 0.085714
0 0.300080 0.353782 0.059058 0.055462
