7 0.740074 0.323359 0.012004 0.028958
0 0.940443 0.414093 0.069252 0.063707
0 0.416898 0.065637 0.034164 0.111969
0 0.454755 0.091699 0.030471 0.125483
0 0.433518 0.855212 0.034164 0.135135
1 0.040166 0.333977 0.080332 0.100386
4 0.656971 0.485521 0.034164 0.028958
4 0.825946 0.683398 0.030471 0.034749
4 0.376270 0.322394 0.030471 0.030888
4 0.203601 0.198842 0.023084 0.065637
4 0.241459 0.197876 0.015697 0.044402
5 0.518929 0.610039 0.033241 0.027027
1 0.586193 0.931782 0.035914 0.126806
1 0.496808 0.158824 0.034318 0.136134
