0 0.415051 0.072394 0.037858 0.106178
1 0.535549 0.689189 0.036934 0.142857
1 0.041090 0.345560 0.076639 0.088803
4 0.206371 0.212355 0.023084 0.057915
4 0.244229 0.208494 0.015697 0.050193
1 0.587390 0.933387 0.033520 0.123596
4 0.822825 0.684874 0.031923 0.028571
1 0.494413 0.165546 0.034318 0.136134
7 0.518356 0.168067 0.010375 0.026891
7 0.515164 0.143697 0.013567 0.028571
7 0.293296 0.373109 0.013567 0.026891
0 0.300479 0.350420 0.058260 0.055462
4 0.092578 0.378992 0.023943 0.062185
0 0.019952 0.454622 0.039904 0.055462
1 0.179968 0.580672 0.093376 0.058824
0 0.432562 0.857143 0.031923 0.134454
4 0.375499 0.325210 0.032721 0.028571
