0 0.432595 0.850386 0.032318 0.144788
0 0.902585 0.607143 0.065559 0.055985
0 0.079409 0.416023 0.070175 0.052124
1 0.499538 0.204633 0.038781 0.138996
1 0.585873 0.931467 0.032318 0.129344
1 0.041090 0.324324 0.078486 0.084942
1 0.237304 0.493243 0.088643 0.055985
4 0.826408 0.685328 0.033241 0.034749
4 0.242844 0.193050 0.014774 0.050193
5 0.730379 0.376448 0.031394 0.030888
5 0.769160 0.400579 0.027701 0.028958
7 0.299631 0.288610 0.013850 0.021236
4 0.374423 0.313707 0.030471 0.028958
7 0.529086 0.147683 0.012927 0.028958
4 0.204709 0.193277 0.019952 0.053782
0 0.419393 0.058824 0.037510 0.107563
