4 0.517057 0.449769 0.035156 0.027315
4 0.372135 0.336806 0.034896 0.029167
4 0.196745 0.218981 0.022135 0.048148
0 0.434896 0.871759 0.033333 0.137037
1 0.037109 0.355093 0.073698 0.088889
4 0.833200 0.700000 0.031923 0.031933
4 0.814046 0.626050 0.035116 0.031933
7 0.715882 0.323529 0.015962 0.028571
0 0.643256 0.378992 0.071828 0.062185
4 0.578611 0.782353 0.022346 0.058824
0 0.541899 0.691597 0.031923 0.132773
1 0.592578 0.945378 0.032721 0.105882
0 0.415802 0.071429 0.039904 0.109244
4 0.239026 0.209244 0.013567 0.048739
