7 0.836068 0.734491 0.019531 0.029167
7 0.301563 0.376389 0.015625 0.030556
7 0.296484 0.318519 0.014844 0.026852
0 0.431641 0.868750 0.034115 0.139352
0 0.296875 0.348611 0.058333 0.044444
0 0.019531 0.443056 0.038542 0.051852
1 0.036979 0.344676 0.071875 0.082870
4 0.826823 0.693981 0.035937 0.037037
4 0.977734 0.490278 0.038802 0.038889
4 0.370703 0.326157 0.037760 0.031019
4 0.196224 0.211343 0.021094 0.052315
4 0.240104 0.209259 0.013021 0.044444
1 0.172785 0.589076 0.096568 0.065546
1 0.587390 0.940336 0.033520 0.115966
0 0.547087 0.886555 0.034318 0.112605
0 0.942937 0.419328 0.075818 0.062185
0 0.657622 0.503361 0.075020 0.058824
1 0.494014 0.161345 0.035116 0.137815
0 0.414605 0.068067 0.035914 0.109244
