1 0.037370 0.354167 0.071094 0.090741
7 0.388281 0.679630 0.015625 0.023148
7 0.403516 0.704630 0.014844 0.030556
7 0.241927 0.306019 0.016667 0.028704
4 0.838802 0.701620 0.035937 0.029167
4 0.374870 0.330093 0.036719 0.030556
0 0.417318 0.072222 0.038802 0.113889
0 0.462500 0.252083 0.036979 0.144907
0 0.349479 0.452546 0.072917 0.056019
0 0.439453 0.876620 0.035156 0.146759
1 0.598164 0.945378 0.031125 0.105882
1 0.418994 0.560504 0.086193 0.062185
4 0.199122 0.214286 0.023144 0.055462
4 0.241022 0.208403 0.012769 0.043697
