7 0.515234 0.162269 0.012760 0.031019
7 0.293229 0.368750 0.019271 0.031019
0 0.434896 0.859028 0.033333 0.143056
1 0.495443 0.160185 0.034115 0.138889
1 0.465365 0.230787 0.046354 0.141204
4 0.828646 0.687037 0.032292 0.023148
4 0.241536 0.200926 0.013802 0.042593
7 0.968077 0.730252 0.017558 0.025210
1 0.589785 0.932773 0.031923 0.121008
4 0.355148 0.566387 0.035116 0.043697
1 0.176377 0.582353 0.095770 0.065546
1 0.037909 0.339496 0.075818 0.084034
4 0.200718 0.205882 0.024741 0.058824
0 0.300080 0.347059 0.059058 0.055462
4 0.373504 0.321849 0.033520 0.028571
0 0.513966 0.542017 0.075020 0.055462
0 0.414605 0.067227 0.039106 0.110924
