7 0.914127 0.437259 0.018467 0.032819
7 0.381810 0.296332 0.013850 0.028958
0 0.569714 0.713320 0.051708 0.125483
0 0.941367 0.419884 0.069252 0.063707
0 0.435365 0.852317 0.032318 0.129344
0 0.417821 0.074324 0.034164 0.110039
0 0.303786 0.347490 0.059095 0.054054
1 0.497230 0.164093 0.034164 0.135135
4 0.824561 0.688224 0.031394 0.028958
4 0.204063 0.211390 0.025854 0.059846
4 0.242844 0.210425 0.016620 0.046332
5 0.406279 0.603282 0.031394 0.028958
1 0.588188 0.935294 0.033520 0.115966
4 0.375898 0.326050 0.031923 0.030252
1 0.041101 0.342857 0.082203 0.084034
