7 0.917821 0.436293 0.014774 0.030888
0 0.436750 0.857143 0.035088 0.131274
1 0.584949 0.486486 0.087719 0.065637
4 0.374885 0.321429 0.029548 0.028958
4 0.204986 0.207529 0.024007 0.059846
5 0.202678 0.610039 0.030471 0.030888
1 0.589785 0.934454 0.036712 0.117647
4 0.245810 0.207563 0.014366 0.048739
1 0.496808 0.161345 0.032721 0.137815
7 0.455706 0.252101 0.012769 0.030252
4 0.827614 0.689076 0.031923 0.033613
0 0.351955 0.356303 0.060654 0.063866
1 0.040702 0.339496 0.081405 0.084034
0 0.943735 0.416807 0.074222 0.063866
0 0.418994 0.069748 0.036712 0.112605
