0 0.486825 0.071726 0.025033 0.103420
0 0.495828 0.404921 0.023715 0.087573
0 0.606061 0.488741 0.054458 0.055046
3 0.671278 0.454962 0.060167 0.042535
4 0.551383 0.472060 0.022398 0.015013
5 0.458278 0.944954 0.008344 0.035029
5 0.457839 0.759800 0.008344 0.036697
4 0.427536 0.577982 0.023276 0.016681
4 0.364076 0.591326 0.021959 0.018349
0 0.391744 0.538365 0.050066 0.039199
0 0.128898 0.448707 0.051383 0.041701
0 0.232762 0.596747 0.056214 0.044204
0 0.491436 0.755213 0.023715 0.087573
7 0.226175 0.664721 0.009662 0.016681
5 0.266161 0.615126 0.023144 0.016807
0 0.745810 0.501681 0.053472 0.042017
