0 0.473430 0.437031 0.025472 0.096747
0 0.350242 0.512927 0.052262 0.056714
0 0.132631 0.447039 0.054458 0.040033
0 0.235617 0.594662 0.056653 0.046706
3 0.857708 0.476230 0.069390 0.046706
7 0.742644 0.555046 0.015810 0.014178
7 0.592007 0.415346 0.011419 0.016681
5 0.559069 0.414929 0.015810 0.012510
5 0.555995 0.436614 0.020202 0.015847
5 0.291831 0.484570 0.023276 0.013344
0 0.568236 0.479832 0.047885 0.042017
0 0.536313 0.519328 0.051077 0.073950
5 0.266959 0.614286 0.024741 0.018487
7 0.215483 0.657983 0.012769 0.018487
