0 0.131752 0.449124 0.055336 0.045872
0 0.499122 0.344454 0.022398 0.088407
0 0.496047 0.037948 0.026790 0.074229
5 0.589372 0.444954 0.021080 0.015847
4 0.466842 0.708090 0.009662 0.041701
0 0.486825 0.863636 0.025033 0.100917
0 0.235178 0.595913 0.058410 0.049208
4 0.440931 0.356130 0.013175 0.038365
5 0.797980 0.550042 0.018445 0.014178
5 0.798199 0.568390 0.019763 0.015847
5 0.747914 0.421184 0.016689 0.011676
7 0.449275 0.603837 0.007027 0.016681
7 0.732642 0.439496 0.011173 0.018487
5 0.267757 0.615126 0.023144 0.016807
7 0.215084 0.658824 0.010375 0.020168
