0 0.606500 0.488741 0.055336 0.053378
3 0.673035 0.454962 0.063680 0.040867
0 0.956741 0.492911 0.051383 0.041701
0 0.377690 0.540033 0.048309 0.042535
0 0.129117 0.447456 0.050944 0.042535
0 0.232982 0.595913 0.056653 0.047540
4 0.280413 0.558382 0.023276 0.020851
4 0.427975 0.577148 0.021520 0.018349
5 0.403382 0.596330 0.018884 0.016681
5 0.458059 0.688490 0.007905 0.039199
0 0.491875 0.894912 0.021959 0.088407
4 0.551823 0.472477 0.023276 0.015847
7 0.215195 0.660550 0.009662 0.016681
0 0.485634 0.150420 0.023144 0.089076
5 0.266560 0.615966 0.023943 0.015126
