4 0.427097 0.577982 0.023276 0.018349
4 0.551383 0.471643 0.024155 0.017515
4 0.144488 0.553795 0.026350 0.018349
5 0.251208 0.559633 0.024594 0.016681
5 0.460474 0.372394 0.008344 0.032527
0 0.606061 0.487490 0.055336 0.054212
3 0.672376 0.454128 0.064119 0.040867
0 0.491656 0.666806 0.022398 0.079233
0 0.279315 0.530025 0.049188 0.044204
0 0.127361 0.446622 0.052701 0.044204
0 0.232323 0.595079 0.057971 0.047540
0 0.489226 0.163866 0.023943 0.095798
5 0.266959 0.614286 0.021548 0.015126
7 0.212291 0.657143 0.011173 0.020168
