4 0.554018 0.460384 0.026790 0.020017
5 0.541722 0.430359 0.024155 0.023353
5 0.535354 0.381568 0.014054 0.039199
0 0.489679 0.912844 0.023715 0.090909
4 0.426219 0.544621 0.023276 0.025021
0 0.235617 0.592577 0.061045 0.049208
4 0.158103 0.550042 0.028986 0.017515
4 0.080149 0.555880 0.029425 0.025855
0 0.812051 0.559664 0.053472 0.040336
0 0.499601 0.070588 0.023943 0.097479
0 0.501197 0.493277 0.023943 0.082353
0 0.130487 0.442857 0.055068 0.042017
5 0.268555 0.611765 0.023144 0.016807
7 0.215882 0.657143 0.011971 0.023529
