4 0.235186 0.673421 0.025657 0.028605
4 0.418448 0.017282 0.012217 0.034565
4 0.456628 0.275328 0.010385 0.050060
4 0.445021 0.357569 0.010385 0.047676
7 0.429139 0.412992 0.010385 0.017878
7 0.086744 0.824791 0.019548 0.019070
7 0.503665 0.823004 0.007941 0.017878
0 0.485950 0.785459 0.026268 0.104887
0 0.066585 0.923719 0.057422 0.085816
4 0.011607 0.975566 0.021991 0.039333
5 0.371106 0.662694 0.020159 0.035757
5 0.384239 0.567342 0.015883 0.026222
0 0.488699 0.946961 0.024435 0.101311
4 0.438547 0.409244 0.015164 0.055462
