4 0.417448 0.019213 0.010417 0.031019
2 0.519922 0.106713 0.034115 0.177315
4 0.455339 0.278472 0.011719 0.043981
4 0.442839 0.356250 0.012240 0.052315
4 0.436458 0.412963 0.010417 0.041667
7 0.425781 0.411806 0.009896 0.018056
7 0.575130 0.329167 0.008073 0.016667
4 0.499740 0.731713 0.010937 0.047685
4 0.506120 0.828241 0.011719 0.054630
4 0.449089 0.950694 0.008594 0.056019
0 0.393750 0.628704 0.070312 0.100926
4 0.233594 0.671065 0.025000 0.035648
0 0.065365 0.921296 0.059896 0.087963
0 0.484375 0.342130 0.025521 0.102778
0 0.480729 0.559028 0.028125 0.109722
5 0.567438 0.349580 0.025539 0.023529
5 0.564645 0.328571 0.024741 0.025210
7 0.084996 0.815966 0.019952 0.018487
