0 0.497862 0.178188 0.028100 0.103695
4 0.418448 0.019070 0.009774 0.030989
4 0.456323 0.271752 0.009774 0.045292
4 0.443494 0.353397 0.010996 0.046484
4 0.437080 0.407032 0.012828 0.046484
7 0.427611 0.411800 0.007330 0.017878
7 0.579108 0.399881 0.008552 0.022646
0 0.066891 0.920143 0.059255 0.083433
4 0.233659 0.668653 0.025046 0.030989
4 0.011912 0.970799 0.018937 0.036949
7 0.090715 0.822408 0.021381 0.016687
0 0.482896 0.709774 0.025046 0.106079
5 0.564645 0.325210 0.021548 0.025210
5 0.568236 0.346218 0.023943 0.020168
