0 0.503646 0.254398 0.025000 0.098611
0 0.463672 0.947685 0.024219 0.100000
4 0.442839 0.360417 0.012240 0.051389
4 0.418490 0.019676 0.009896 0.031944
4 0.234505 0.672685 0.026823 0.029630
0 0.066276 0.919676 0.059115 0.084722
4 0.436719 0.411806 0.014583 0.051389
4 0.455729 0.279630 0.010937 0.046296
2 0.488428 0.799160 0.033520 0.186555
7 0.571030 0.050420 0.011971 0.026891
0 0.391860 0.631933 0.070231 0.100840
5 0.566241 0.329412 0.023144 0.033613
5 0.569034 0.348739 0.022346 0.025210
7 0.085395 0.817647 0.019154 0.018487
