4 0.417532 0.014899 0.011607 0.029797
4 0.456933 0.275328 0.013439 0.047676
4 0.443189 0.355781 0.011607 0.044100
4 0.437691 0.408820 0.011607 0.047676
7 0.428222 0.410608 0.006109 0.020262
0 0.486866 0.441001 0.024435 0.104887
5 0.565669 0.324791 0.019548 0.017878
4 0.233354 0.669249 0.026878 0.032181
4 0.021075 0.974374 0.031155 0.034565
0 0.066891 0.920739 0.060476 0.087008
7 0.088271 0.825387 0.021381 0.015495
0 0.483201 0.750298 0.025657 0.101311
0 0.478009 0.931466 0.026268 0.106079
5 0.570630 0.344538 0.020750 0.023529
7 0.570231 0.330252 0.011971 0.018487
