0 0.066585 0.927294 0.057422 0.083433
7 0.061393 0.957092 0.010385 0.014303
4 0.456628 0.276520 0.009163 0.047676
4 0.443494 0.357569 0.010996 0.047676
4 0.439524 0.418355 0.011607 0.047676
4 0.374465 0.690703 0.023213 0.034565
4 0.233354 0.674017 0.021991 0.036949
1 0.229078 0.835518 0.069640 0.102503
4 0.838119 0.241359 0.028100 0.029797
0 0.492975 0.666269 0.024435 0.102503
0 0.310935 0.731824 0.064753 0.081049
0 0.421503 0.632300 0.057422 0.077473
0 0.519853 0.050060 0.026878 0.100119
4 0.417398 0.015966 0.012769 0.031933
4 0.010774 0.977311 0.021548 0.021849
