1 0.475260 0.627778 0.026562 0.120370
0 0.284505 0.403241 0.054948 0.055556
0 0.165625 0.385417 0.058333 0.045833
5 0.890234 0.489352 0.027865 0.019444
4 0.520443 0.056944 0.009635 0.038889
7 0.446224 0.177315 0.012760 0.019444
0 0.841181 0.545378 0.055866 0.055462
7 0.569832 0.468908 0.009577 0.023529
0 0.856345 0.605882 0.052674 0.048739
1 0.484437 0.274790 0.033520 0.136134
7 0.114525 0.242017 0.019952 0.030252
7 0.221868 0.411765 0.014366 0.020168
0 0.227853 0.387395 0.055068 0.048739
7 0.282522 0.343697 0.011173 0.021849
7 0.441341 0.332773 0.011173 0.020168
7 0.581405 0.475630 0.010375 0.020168
0 0.540702 0.084034 0.024741 0.097479
