0 0.161979 0.382176 0.052604 0.045833
0 0.225000 0.385417 0.055729 0.048611
0 0.283333 0.401620 0.054167 0.065278
0 0.628125 0.508102 0.052604 0.046759
1 0.599740 0.567593 0.086979 0.064815
1 0.752995 0.590278 0.080469 0.064815
4 0.452604 0.550463 0.025521 0.024074
5 0.860807 0.485417 0.020052 0.014352
3 0.516276 0.425463 0.063802 0.109259
0 0.976057 0.621849 0.044693 0.053782
0 0.891860 0.579832 0.061453 0.047059
0 0.534717 0.085714 0.025539 0.094118
7 0.431764 0.332773 0.014366 0.023529
7 0.194733 0.282353 0.014366 0.023529
7 0.208699 0.309244 0.013567 0.023529
7 0.607342 0.621849 0.011173 0.023529
