0 0.349162 0.661789 0.048683 0.087805
0 0.167997 0.526016 0.058260 0.053659
0 0.165204 0.385366 0.051077 0.045528
0 0.284517 0.400813 0.053472 0.063415
1 0.482841 0.778862 0.031923 0.130081
5 0.859936 0.483740 0.021548 0.014634
7 0.553073 0.851220 0.009577 0.017886
7 0.565044 0.300813 0.011173 0.019512
7 0.432163 0.332520 0.010375 0.017886
1 0.660814 0.563025 0.059058 0.053782
0 0.656026 0.505882 0.059058 0.047059
0 0.391061 0.963025 0.023943 0.067227
0 0.225858 0.384034 0.057462 0.048739
7 0.198723 0.282353 0.015962 0.023529
7 0.210694 0.310084 0.014366 0.021849
0 0.535515 0.085714 0.023943 0.094118
