7 0.219074 0.441463 0.007183 0.021138
7 0.213488 0.607317 0.013567 0.017886
7 0.719074 0.293496 0.014366 0.027642
4 0.709896 0.447154 0.031125 0.029268
4 0.235036 0.438211 0.026337 0.027642
5 0.515962 0.474797 0.027933 0.019512
0 0.769753 0.439496 0.067837 0.048739
0 0.473264 0.352941 0.030327 0.097479
4 0.458899 0.647059 0.012769 0.050420
5 0.513168 0.445378 0.023943 0.020168
7 0.447326 0.212605 0.011971 0.025210
7 0.432163 0.281513 0.011971 0.025210
7 0.976457 0.512605 0.019952 0.023529
7 0.168795 0.783193 0.013567 0.030252
7 0.179968 0.784874 0.015164 0.030252
