7 0.907023 0.469106 0.015164 0.017886
0 0.544693 0.085366 0.024741 0.089431
0 0.484836 0.482927 0.024741 0.104065
0 0.289705 0.403252 0.054270 0.055285
7 0.225459 0.417886 0.013567 0.019512
1 0.685555 0.569919 0.076616 0.060163
1 0.791301 0.578049 0.071030 0.056911
4 0.648444 0.500000 0.021548 0.021138
4 0.688747 0.515447 0.025539 0.022764
5 0.641660 0.466667 0.020750 0.013008
0 0.493216 0.036134 0.025539 0.072269
0 0.900638 0.593277 0.061453 0.047059
7 0.855946 0.660504 0.015164 0.030252
7 0.446129 0.165546 0.012769 0.028571
7 0.297287 0.341176 0.015164 0.023529
7 0.139266 0.312605 0.016760 0.023529
7 0.139665 0.206723 0.019154 0.023529
0 0.470072 0.942857 0.025539 0.100840
4 0.517558 0.320168 0.008779 0.052101
0 0.232642 0.387395 0.053472 0.048739
0 0.168396 0.386555 0.054270 0.050420
7 0.355946 0.870588 0.011173 0.026891
