4 0.457292 0.456944 0.022396 0.025926
4 0.978776 0.416435 0.027865 0.022685
4 0.114193 0.465046 0.032031 0.026389
0 0.031641 0.506713 0.057552 0.050463
0 0.862630 0.422685 0.060677 0.045370
7 0.720313 0.292824 0.011979 0.022685
4 0.236979 0.438194 0.020833 0.024537
7 0.466879 0.231092 0.009577 0.025210
7 0.079409 0.401681 0.019952 0.020168
7 0.067039 0.432773 0.020750 0.021849
5 0.843176 0.454622 0.023144 0.025210
5 0.856744 0.478151 0.027933 0.018487
7 0.169593 0.778992 0.016760 0.028571
7 0.180766 0.781513 0.013567 0.033613
0 0.425778 0.843697 0.029529 0.100840
3 0.366720 0.477311 0.069433 0.060504
