5 0.484437 0.452033 0.025539 0.022764
0 0.863128 0.586992 0.061453 0.042276
0 0.288907 0.405691 0.052674 0.053659
1 0.729449 0.567480 0.075020 0.058537
1 0.424581 0.540650 0.068635 0.050407
4 0.568635 0.457724 0.021548 0.027642
4 0.434956 0.480488 0.027135 0.017886
4 0.512769 0.823577 0.010375 0.040650
7 0.564246 0.191057 0.007981 0.017886
7 0.574621 0.187805 0.007981 0.024390
7 0.726656 0.425203 0.011971 0.014634
7 0.389864 0.869106 0.010375 0.017886
0 0.543496 0.086555 0.022346 0.092437
7 0.850758 0.660504 0.015962 0.026891
0 0.169992 0.387395 0.055866 0.052101
7 0.449721 0.294118 0.011971 0.026891
7 0.360335 0.348739 0.013567 0.021849
7 0.309258 0.357143 0.013567 0.018487
7 0.124900 0.210924 0.016760 0.021849
7 0.096568 0.986555 0.019154 0.023529
0 0.232642 0.388235 0.053472 0.047059
7 0.973264 0.478992 0.019952 0.020168
7 0.216281 0.413445 0.012769 0.016807
