7 0.466081 0.274797 0.011173 0.019512
7 0.464884 0.086992 0.013567 0.021138
4 0.049880 0.573984 0.031125 0.019512
0 0.802873 0.430081 0.046289 0.040650
0 0.470870 0.456911 0.055866 0.058537
0 0.615722 0.427731 0.058260 0.045378
7 0.488029 0.273950 0.011971 0.026891
7 0.480048 0.250420 0.011971 0.026891
7 0.447326 0.256303 0.013567 0.021849
4 0.507582 0.021849 0.012769 0.043697
4 0.467678 0.656303 0.011173 0.045378
0 0.431365 0.912605 0.027933 0.094118
7 0.180367 0.775630 0.014366 0.021849
7 0.173982 0.773950 0.014366 0.025210
