7 0.881510 0.655324 0.015104 0.016204
7 0.128906 0.307407 0.015104 0.019444
4 0.677995 0.493519 0.023177 0.021296
4 0.751042 0.606481 0.028646 0.019444
7 0.216276 0.417130 0.012760 0.017593
5 0.641667 0.460185 0.027083 0.012963
7 0.846369 0.667227 0.021548 0.023529
7 0.553073 0.378151 0.011173 0.020168
7 0.576616 0.065546 0.011971 0.026891
7 0.203113 0.333613 0.011971 0.021849
0 0.545092 0.087395 0.022346 0.094118
0 0.289306 0.403361 0.055068 0.053782
0 0.752993 0.561345 0.058260 0.050420
1 0.853551 0.583193 0.059856 0.050420
0 0.233839 0.387395 0.052674 0.048739
0 0.169593 0.385714 0.055068 0.048739
5 0.496010 0.969748 0.011971 0.033613
