7 0.796488 0.294309 0.012769 0.019512
0 0.912610 0.439837 0.056664 0.040650
7 0.478851 0.859350 0.012769 0.021138
5 0.318037 0.600813 0.023144 0.021138
5 0.201516 0.460976 0.029529 0.017886
7 0.656425 0.288235 0.011971 0.025210
7 0.658819 0.305882 0.013567 0.023529
1 0.733440 0.428571 0.083001 0.057143
0 0.515164 0.440336 0.056664 0.050420
4 0.308859 0.463025 0.025539 0.021849
0 0.150838 0.582353 0.055866 0.048739
4 0.448923 0.883193 0.011971 0.055462
7 0.057063 0.761345 0.019952 0.020168
7 0.175180 0.751261 0.019952 0.026891
7 0.182362 0.778151 0.013567 0.026891
7 0.011572 0.717647 0.016760 0.020168
