4 0.972067 0.463415 0.033520 0.019512
4 0.789306 0.408130 0.028731 0.026016
4 0.788508 0.439837 0.030327 0.027642
4 0.713089 0.360976 0.026337 0.022764
4 0.591780 0.321951 0.026337 0.022764
5 0.598962 0.300000 0.024741 0.021138
5 0.865922 0.357983 0.022346 0.023529
1 0.726257 0.428571 0.065443 0.050420
0 0.868316 0.434454 0.057462 0.038655
0 0.932961 0.426891 0.059058 0.043697
4 0.331205 0.847899 0.012769 0.048739
7 0.185954 0.745378 0.022346 0.025210
7 0.209098 0.814286 0.011173 0.018487
7 0.179968 0.773109 0.010375 0.023529
