0 0.839186 0.578049 0.058260 0.050407
0 0.186752 0.503252 0.054270 0.050407
7 0.556265 0.380488 0.009577 0.022764
7 0.576217 0.110569 0.012769 0.022764
7 0.957702 0.487395 0.017558 0.020168
7 0.593376 0.406723 0.015164 0.016807
7 0.566241 0.378151 0.010375 0.020168
0 0.545092 0.084874 0.023943 0.095798
7 0.543895 0.781513 0.008779 0.020168
7 0.448923 0.317647 0.011971 0.020168
7 0.142059 0.205042 0.020750 0.023529
7 0.849162 0.655462 0.015962 0.023529
7 0.217079 0.411765 0.015962 0.020168
5 0.201117 0.453782 0.020750 0.016807
0 0.233839 0.386555 0.054270 0.047059
0 0.431365 0.557983 0.056664 0.050420
0 0.289306 0.401681 0.056664 0.053782
0 0.169194 0.384874 0.055866 0.050420
7 0.175180 0.324370 0.016760 0.023529
0 0.553871 0.556303 0.057462 0.043697
4 0.520750 0.774790 0.011971 0.047059
