4 0.490365 0.421065 0.015104 0.052315
4 0.457813 0.360880 0.011979 0.048611
4 0.709896 0.461806 0.034375 0.022685
4 0.298438 0.471528 0.017708 0.042130
7 0.452083 0.784491 0.013542 0.020833
7 0.631285 0.492437 0.011173 0.020168
7 0.719872 0.287395 0.014366 0.026891
7 0.211492 0.410084 0.011173 0.023529
7 0.196728 0.421008 0.018356 0.018487
7 0.169593 0.783193 0.016760 0.033613
7 0.181564 0.782353 0.016760 0.031933
7 0.173583 0.436134 0.010375 0.021849
0 0.167199 0.455462 0.055068 0.047059
0 0.482043 0.282353 0.027135 0.090756
1 0.497207 0.054622 0.031923 0.109244
0 0.802075 0.436975 0.060654 0.047059
0 0.902235 0.436975 0.056664 0.043697
4 0.457702 0.574790 0.010375 0.050420
4 0.504789 0.330252 0.010375 0.048739
7 0.524741 0.473109 0.011971 0.021849
