0 0.544294 0.088618 0.022346 0.092683
0 0.478452 0.807317 0.024741 0.086179
0 0.288907 0.402439 0.055866 0.053659
0 0.232243 0.386179 0.051077 0.047154
7 0.221868 0.413821 0.011173 0.014634
7 0.168396 0.330081 0.011173 0.019512
4 0.718276 0.527642 0.028731 0.024390
4 0.649641 0.502439 0.020750 0.019512
1 0.685555 0.567480 0.078212 0.061789
1 0.925379 0.602439 0.077414 0.063415
0 0.167997 0.385714 0.056664 0.048739
4 0.280527 0.700000 0.021548 0.031933
4 0.167199 0.478151 0.023144 0.018487
7 0.032322 0.310084 0.016760 0.018487
7 0.154429 0.204202 0.015164 0.021849
7 0.849960 0.663025 0.015962 0.028571
5 0.728252 0.491597 0.021548 0.021849
0 0.497207 0.409244 0.025539 0.099160
0 0.259377 0.590756 0.046289 0.068908
7 0.354350 0.860504 0.014366 0.023529
