0 0.536313 0.091870 0.027135 0.095935
0 0.503192 0.362602 0.039106 0.100813
0 0.114525 0.474797 0.053472 0.042276
0 0.225858 0.384553 0.055866 0.047154
1 0.764166 0.582927 0.072626 0.060163
1 0.200718 0.626829 0.074222 0.053659
5 0.859138 0.486179 0.018356 0.013008
7 0.546688 0.743902 0.009577 0.017886
7 0.432163 0.327642 0.010375 0.017886
7 0.211492 0.310084 0.015962 0.025210
7 0.195930 0.283193 0.015164 0.021849
0 0.537510 0.546218 0.059856 0.050420
0 0.282921 0.402521 0.055068 0.068908
0 0.163208 0.385714 0.053472 0.045378
