0 0.285714 0.401626 0.055866 0.048780
7 0.220271 0.413821 0.011173 0.014634
7 0.439745 0.258537 0.012769 0.022764
7 0.547486 0.704065 0.009577 0.022764
4 0.954110 0.590244 0.024741 0.026016
5 0.923783 0.532520 0.029529 0.017886
5 0.890263 0.489916 0.026337 0.025210
0 0.681165 0.498319 0.055068 0.052101
0 0.648045 0.562185 0.052674 0.048739
7 0.560654 0.708403 0.011971 0.028571
0 0.541899 0.081513 0.023943 0.095798
0 0.495211 0.084034 0.023144 0.097479
7 0.417797 0.365546 0.011971 0.025210
7 0.126895 0.257983 0.019154 0.021849
7 0.172386 0.330252 0.017558 0.021849
0 0.229050 0.384874 0.054270 0.050420
0 0.164804 0.382353 0.055068 0.052101
