7 0.552995 0.505556 0.015885 0.025926
0 0.327214 0.718750 0.036719 0.093981
4 0.500391 0.418750 0.012760 0.050463
7 0.464884 0.091597 0.013567 0.028571
7 0.610934 0.293277 0.011971 0.025210
7 0.720271 0.288235 0.015164 0.025210
7 0.816441 0.511765 0.020750 0.021849
7 0.170790 0.780672 0.014366 0.031933
7 0.182761 0.784874 0.015962 0.026891
0 0.854350 0.437815 0.059856 0.048739
0 0.436552 0.778151 0.031923 0.110924
7 0.177574 0.430252 0.011971 0.023529
0 0.168396 0.457143 0.057462 0.043697
3 0.471668 0.387395 0.033520 0.126050
