5 0.861931 0.482114 0.020750 0.017886
4 0.482442 0.873984 0.015164 0.060163
4 0.050678 0.608943 0.024741 0.024390
0 0.537510 0.086179 0.023144 0.097561
0 0.167199 0.382114 0.051875 0.042276
0 0.227853 0.382114 0.055068 0.052033
7 0.573823 0.082927 0.011173 0.019512
7 0.432163 0.336585 0.010375 0.019512
0 0.284118 0.399160 0.055866 0.068908
1 0.125698 0.500000 0.058260 0.052101
0 0.615323 0.563866 0.057462 0.045378
7 0.853551 0.447059 0.015164 0.026891
7 0.202713 0.280672 0.014366 0.023529
7 0.213488 0.308403 0.013567 0.025210
