0 0.164405 0.382927 0.052674 0.043902
0 0.283719 0.401626 0.055068 0.065041
7 0.555467 0.733333 0.011173 0.019512
7 0.432562 0.330081 0.007981 0.019512
5 0.861133 0.481513 0.019154 0.015126
7 0.571828 0.394958 0.011971 0.026891
7 0.201516 0.283193 0.016760 0.021849
7 0.212690 0.310924 0.015164 0.020168
0 0.657223 0.505042 0.056664 0.052101
1 0.492817 0.244538 0.029529 0.119328
1 0.660814 0.563866 0.059058 0.055462
0 0.254190 0.676471 0.051875 0.065546
0 0.090982 0.485714 0.057462 0.047059
0 0.536313 0.085714 0.023943 0.094118
0 0.227055 0.383193 0.056664 0.050420
