5 0.890263 0.488618 0.024741 0.021138
0 0.283719 0.402439 0.058260 0.050407
7 0.229449 0.416260 0.015164 0.016260
7 0.438947 0.329268 0.011173 0.021138
7 0.578611 0.299187 0.009577 0.019512
7 0.564246 0.289431 0.009577 0.026016
7 0.747805 0.634146 0.015962 0.016260
0 0.540303 0.082353 0.023943 0.094118
7 0.398244 0.379832 0.012769 0.020168
7 0.112131 0.247059 0.015164 0.023529
4 0.510774 0.720168 0.011173 0.052101
0 0.478053 0.705882 0.025539 0.104202
0 0.227853 0.388235 0.055068 0.050420
0 0.164006 0.387395 0.058260 0.052101
