0 0.170391 0.455285 0.061453 0.042276
4 0.764166 0.459350 0.023144 0.021138
7 0.457302 0.067227 0.009577 0.030252
7 0.430168 0.490756 0.012769 0.030252
7 0.592977 0.284874 0.011173 0.021849
7 0.619713 0.302521 0.011971 0.023529
7 0.723065 0.294118 0.014366 0.026891
7 0.961293 0.315966 0.024741 0.020168
7 0.976856 0.303361 0.014366 0.025210
7 0.169992 0.780672 0.017558 0.035294
7 0.182362 0.783193 0.013567 0.033613
0 0.051476 0.453782 0.051875 0.043697
0 0.601357 0.436134 0.056664 0.045378
0 0.585794 0.356303 0.057462 0.057143
0 0.885475 0.440336 0.058260 0.043697
3 0.430567 0.938655 0.034318 0.119328
