0 0.348364 0.540931 0.061453 0.044944
2 0.546289 0.189406 0.040702 0.205457
5 0.674781 0.584270 0.023144 0.016051
5 0.707901 0.504013 0.022346 0.019262
7 0.783719 0.532905 0.011173 0.028892
7 0.389864 0.411717 0.008779 0.017657
7 0.588188 0.630819 0.009577 0.019262
7 0.733440 0.646218 0.012769 0.018487
0 0.819633 0.546218 0.068635 0.057143
4 0.700319 0.588235 0.026337 0.023529
0 0.430567 0.482353 0.058260 0.053782
7 0.027135 0.552101 0.020750 0.025210
4 0.247007 0.527731 0.013567 0.043697
7 0.720670 0.621849 0.012769 0.026891
