0 0.425379 0.472713 0.060654 0.043339
0 0.508380 0.864366 0.022346 0.104334
0 0.528731 0.628411 0.037510 0.107544
0 0.644054 0.508828 0.057462 0.051364
2 0.554270 0.190209 0.039106 0.203852
4 0.822825 0.579454 0.022346 0.035313
4 0.708699 0.585875 0.025539 0.022472
4 0.256983 0.533708 0.011173 0.043339
4 0.271748 0.533708 0.011971 0.046549
4 0.265363 0.468700 0.034318 0.022472
5 0.679170 0.582665 0.023943 0.012841
7 0.704709 0.564205 0.015962 0.017657
7 0.675180 0.569823 0.009577 0.012841
7 0.909816 0.619583 0.017558 0.016051
7 0.476457 0.730337 0.012769 0.025682
7 0.432163 0.664526 0.011971 0.025682
7 0.475658 0.804173 0.011173 0.019262
7 0.903432 0.638655 0.020750 0.023529
