0 0.504789 0.608347 0.026337 0.102729
0 0.499601 0.296950 0.023943 0.096308
2 0.553073 0.194222 0.038308 0.199037
4 0.822426 0.588283 0.019952 0.036918
4 0.708699 0.586677 0.023943 0.020867
4 0.259377 0.534510 0.009577 0.041734
4 0.272147 0.537721 0.009577 0.044944
5 0.660814 0.541734 0.022346 0.017657
5 0.451716 0.581059 0.025539 0.019262
7 0.453711 0.647673 0.015164 0.024077
7 0.403033 0.604334 0.012769 0.017657
7 0.401437 0.584270 0.012769 0.016051
7 0.396249 0.626806 0.010375 0.024077
7 0.771748 0.562600 0.012769 0.017657
7 0.677574 0.594703 0.019154 0.027287
7 0.475259 0.799358 0.011971 0.025682
0 0.921389 0.573109 0.058260 0.047059
