0 0.492817 0.069021 0.027933 0.115570
0 0.521947 0.483146 0.054270 0.044944
2 0.553073 0.191011 0.039904 0.199037
4 0.708699 0.586677 0.023943 0.017657
4 0.823224 0.584270 0.024741 0.035313
4 0.257382 0.535313 0.010375 0.049759
4 0.272147 0.536116 0.009577 0.048154
4 0.255786 0.491172 0.021548 0.022472
4 0.215084 0.470305 0.021548 0.019262
4 0.459298 0.560193 0.021548 0.019262
5 0.385874 0.562600 0.018356 0.024077
5 0.599761 0.565811 0.019952 0.017657
5 0.592578 0.437400 0.021548 0.020867
7 0.964884 0.637239 0.015962 0.019262
7 0.983639 0.639647 0.015164 0.024077
7 0.612530 0.624398 0.013567 0.019262
7 0.615323 0.597111 0.012769 0.016051
7 0.475259 0.727127 0.011971 0.025682
7 0.289306 0.605136 0.010375 0.019262
7 0.454110 0.028892 0.009577 0.035313
7 0.474860 0.800161 0.011173 0.024077
0 0.923384 0.573109 0.059058 0.047059
