0 0.518356 0.708668 0.023144 0.110754
0 0.953312 0.525682 0.063049 0.065811
2 0.547486 0.185393 0.041500 0.207063
4 0.703512 0.585072 0.027933 0.020867
4 0.521548 0.963884 0.013567 0.056180
5 0.673583 0.581059 0.023943 0.019262
7 0.354350 0.507223 0.009577 0.022472
7 0.586991 0.633226 0.011971 0.024077
7 0.821229 0.569823 0.009577 0.022472
7 0.736233 0.643697 0.011971 0.020168
7 0.782123 0.536134 0.014366 0.023529
7 0.449322 0.240336 0.012769 0.036975
0 0.348364 0.540336 0.059856 0.048739
0 0.820032 0.547059 0.069433 0.052101
4 0.245810 0.528571 0.012769 0.038655
