0 0.417448 0.538426 0.055729 0.052778
0 0.525130 0.660417 0.033594 0.101389
0 0.748177 0.508102 0.056771 0.043056
2 0.557161 0.190972 0.043490 0.208796
4 0.708594 0.585880 0.025521 0.018981
4 0.823307 0.582639 0.024740 0.031944
4 0.459635 0.496759 0.028646 0.030556
4 0.259766 0.528009 0.010156 0.044907
7 0.820443 0.616435 0.014323 0.022685
7 0.807292 0.605093 0.013542 0.019444
7 0.793359 0.636574 0.012760 0.017593
7 0.780990 0.633333 0.011979 0.017593
7 0.460156 0.659722 0.008854 0.025926
7 0.419010 0.652315 0.009375 0.024074
7 0.372005 0.571528 0.011198 0.022685
7 0.580599 0.365972 0.007031 0.016204
7 0.590625 0.364352 0.007812 0.015741
7 0.477604 0.800000 0.013542 0.024074
0 0.607342 0.503361 0.057462 0.065546
1 0.400239 0.470588 0.059856 0.043697
0 0.157223 0.451261 0.055866 0.045378
0 0.923783 0.568908 0.058260 0.048739
4 0.272945 0.529412 0.011173 0.047059
