0 0.305666 0.461477 0.062251 0.049759
1 0.499202 0.167737 0.026337 0.120385
2 0.553073 0.187801 0.041500 0.202247
4 0.498803 0.326645 0.009577 0.043339
4 0.572626 0.542536 0.027933 0.019262
4 0.709098 0.585875 0.023144 0.019262
4 0.269753 0.539326 0.009577 0.048154
5 0.681165 0.581059 0.024741 0.019262
5 0.800878 0.553772 0.026337 0.019262
5 0.340383 0.528892 0.024741 0.024077
7 0.533919 0.411717 0.009577 0.020867
7 0.562251 0.376404 0.010375 0.017657
7 0.566241 0.419743 0.010375 0.017657
7 0.565443 0.399679 0.008779 0.016051
7 0.571030 0.389246 0.008779 0.020867
7 0.477255 0.890851 0.011173 0.025682
0 0.430567 0.466387 0.059856 0.055462
4 0.255786 0.527731 0.013567 0.036975
