0 0.739062 0.504861 0.054167 0.040278
0 0.518359 0.725463 0.023177 0.112037
2 0.553776 0.188657 0.038281 0.200463
4 0.452474 0.446759 0.025781 0.026852
4 0.270443 0.539352 0.012760 0.054630
4 0.711198 0.588426 0.025521 0.024074
5 0.447396 0.554167 0.020833 0.024074
5 0.682682 0.584954 0.024740 0.020833
7 0.477604 0.805787 0.010417 0.022685
7 0.388672 0.405324 0.012760 0.020833
7 0.389062 0.387500 0.008854 0.017593
7 0.403776 0.401389 0.011198 0.022222
7 0.373568 0.389352 0.009635 0.017593
7 0.302865 0.599306 0.011979 0.020833
7 0.477995 0.780093 0.011198 0.019444
4 0.256983 0.526050 0.012769 0.043697
