0 0.360734 0.476726 0.047885 0.044944
0 0.445730 0.541734 0.056664 0.046549
1 0.451317 0.472713 0.058260 0.043339
2 0.554270 0.193419 0.039106 0.197432
0 0.504389 0.247191 0.022346 0.093098
4 0.580607 0.576244 0.018356 0.038523
4 0.705108 0.542536 0.031125 0.032103
4 0.710295 0.585072 0.025539 0.020867
4 0.821229 0.584270 0.022346 0.028892
4 0.284517 0.494382 0.027933 0.022472
7 0.373504 0.573034 0.011173 0.019262
7 0.468077 0.674157 0.010375 0.028892
7 0.942538 0.621188 0.025539 0.016051
7 0.946528 0.636437 0.017558 0.017657
7 0.477255 0.801766 0.014366 0.024077
7 0.583400 0.219328 0.012769 0.025210
7 0.584198 0.190756 0.007981 0.021849
0 0.948923 0.499160 0.059058 0.050420
0 0.922187 0.572269 0.058260 0.048739
7 0.877095 0.623529 0.022346 0.026891
7 0.778132 0.638655 0.012769 0.023529
7 0.789705 0.637815 0.015164 0.025210
4 0.259377 0.528571 0.009577 0.042017
4 0.272546 0.531092 0.011971 0.043697
