2 0.553073 0.186998 0.039904 0.203852
4 0.625299 0.519262 0.021548 0.020867
4 0.710295 0.584270 0.023943 0.016051
4 0.271349 0.536918 0.009577 0.052970
5 0.535515 0.560193 0.022346 0.019262
5 0.681963 0.579454 0.024741 0.019262
7 0.428970 0.412520 0.011971 0.019262
7 0.451317 0.835474 0.008779 0.030498
7 0.479250 0.835474 0.010375 0.020867
7 0.935754 0.417335 0.018356 0.022472
7 0.122905 0.394864 0.012769 0.016051
7 0.135275 0.382022 0.013567 0.016051
7 0.111732 0.378010 0.014366 0.020867
7 0.093376 0.380417 0.011173 0.019262
7 0.478053 0.775281 0.012769 0.025682
0 0.203911 0.464706 0.056664 0.045378
1 0.486832 0.059664 0.030327 0.119328
4 0.255786 0.528571 0.010375 0.038655
