0 0.349479 0.539815 0.061458 0.050926
2 0.548568 0.191204 0.042448 0.200000
4 0.441536 0.434954 0.026823 0.027315
5 0.673307 0.585417 0.026823 0.017130
5 0.459245 0.531019 0.020052 0.025000
7 0.586979 0.632870 0.014583 0.019444
7 0.282031 0.476620 0.017708 0.025463
7 0.733440 0.645378 0.012769 0.016807
1 0.973663 0.484874 0.049481 0.048739
0 0.819234 0.549580 0.067837 0.053782
4 0.699521 0.587395 0.027933 0.021849
4 0.248603 0.531092 0.011971 0.050420
7 0.449322 0.290756 0.012769 0.026891
1 0.492019 0.040336 0.026337 0.080672
1 0.494812 0.342017 0.039904 0.183193
