0 0.484437 0.245586 0.023943 0.109149
0 0.629689 0.504013 0.060654 0.054575
2 0.548284 0.184591 0.038308 0.202247
4 0.704310 0.585875 0.026337 0.019262
4 0.495211 0.979936 0.013567 0.036918
7 0.360335 0.489567 0.010375 0.019262
7 0.450519 0.385233 0.010375 0.022472
7 0.587789 0.631621 0.011971 0.024077
7 0.734637 0.643697 0.011971 0.016807
7 0.784118 0.536134 0.018356 0.020168
5 0.675579 0.584034 0.024741 0.018487
4 0.565842 0.573109 0.022346 0.047059
0 0.355547 0.538655 0.059856 0.045378
0 0.820830 0.546218 0.066241 0.047059
4 0.247007 0.529412 0.010375 0.036975
