0 0.739425 0.521669 0.059856 0.044944
0 0.353152 0.534510 0.056664 0.044944
0 0.279729 0.459872 0.058260 0.040128
0 0.086193 0.438202 0.060654 0.044944
2 0.547885 0.189406 0.037510 0.199037
4 0.490822 0.040128 0.012769 0.051364
5 0.675180 0.582665 0.023943 0.019262
7 0.784517 0.630016 0.009577 0.030498
7 0.588986 0.630819 0.009577 0.019262
7 0.579808 0.878812 0.010375 0.030498
7 0.572227 0.293740 0.011173 0.028892
7 0.733839 0.642857 0.011971 0.018487
7 0.794094 0.569748 0.015962 0.016807
0 0.820431 0.544538 0.068635 0.050420
4 0.701516 0.586555 0.025539 0.020168
7 0.340782 0.552101 0.012769 0.021849
4 0.247406 0.530252 0.011173 0.038655
