2 0.552674 0.187801 0.040702 0.205457
0 0.320830 0.466292 0.055866 0.049759
0 0.436552 0.478331 0.055866 0.048154
0 0.497606 0.617978 0.026337 0.089888
4 0.202713 0.479133 0.027135 0.020867
4 0.379090 0.467095 0.022346 0.025682
4 0.270950 0.534510 0.011971 0.044944
4 0.709098 0.585875 0.023144 0.019262
5 0.680367 0.581862 0.023144 0.020867
5 0.529529 0.456661 0.011971 0.043339
5 0.452514 0.615570 0.019154 0.040128
7 0.458500 0.264848 0.013567 0.022472
7 0.478053 0.912520 0.012769 0.027287
7 0.632083 0.479936 0.014366 0.025682
7 0.667598 0.436597 0.010375 0.022472
7 0.653631 0.423756 0.012769 0.025682
7 0.658021 0.400482 0.015164 0.017657
7 0.682362 0.398876 0.011173 0.020867
4 0.257781 0.526891 0.012769 0.042017
