0 0.414583 0.535417 0.056771 0.046759
0 0.573828 0.556944 0.052865 0.083333
2 0.555078 0.191898 0.039323 0.197685
4 0.709896 0.583333 0.026562 0.017593
4 0.824479 0.579398 0.022396 0.038426
4 0.427474 0.486343 0.026302 0.025463
4 0.273828 0.534491 0.009635 0.042130
7 0.379818 0.572222 0.011198 0.021296
7 0.451693 0.645370 0.011198 0.022222
7 0.583073 0.454167 0.008854 0.019444
7 0.590625 0.450231 0.007812 0.018056
7 0.705599 0.625926 0.012760 0.022222
7 0.794531 0.637269 0.008854 0.018981
7 0.781771 0.635648 0.010417 0.019444
7 0.477995 0.800926 0.012760 0.025926
4 0.259377 0.528571 0.009577 0.042017
1 0.295291 0.467227 0.062251 0.047059
0 0.924980 0.572269 0.057462 0.048739
0 0.521947 0.705042 0.023943 0.105882
0 0.512769 0.866387 0.026337 0.105882
