0 0.895850 0.483146 0.058260 0.044944
1 0.490822 0.204655 0.028731 0.126806
2 0.548284 0.185393 0.041500 0.203852
4 0.067837 0.443018 0.028731 0.016051
5 0.677574 0.582665 0.022346 0.019262
7 0.450519 0.328250 0.010375 0.017657
0 0.824421 0.545378 0.067039 0.052101
0 0.334796 0.465546 0.059856 0.047059
7 0.505587 0.811765 0.010375 0.026891
4 0.248603 0.524370 0.011971 0.036975
4 0.703512 0.587395 0.027933 0.018487
0 0.472865 0.464706 0.061453 0.048739
7 0.475658 0.863025 0.014366 0.031933
0 0.464884 0.536134 0.059856 0.047059
