4 0.498404 0.368379 0.015164 0.046549
5 0.971269 0.538523 0.022346 0.024077
5 0.673982 0.583467 0.023144 0.017657
2 0.546688 0.188604 0.041500 0.207063
7 0.587390 0.633226 0.011173 0.020867
7 0.446927 0.095506 0.011173 0.040128
7 0.352354 0.509631 0.011971 0.017657
7 0.733839 0.641176 0.011971 0.018487
7 0.783719 0.558824 0.014366 0.021849
4 0.700718 0.586555 0.027135 0.020168
0 0.867518 0.485714 0.063847 0.057143
0 0.820032 0.547899 0.067837 0.050420
7 0.783320 0.540336 0.016760 0.018487
0 0.349561 0.538655 0.059058 0.045378
4 0.247007 0.527731 0.011971 0.040336
