0 0.501197 0.414125 0.023943 0.096308
2 0.552674 0.188604 0.040702 0.203852
4 0.674781 0.537721 0.027933 0.022472
4 0.708300 0.587480 0.024741 0.016051
4 0.383879 0.512841 0.028731 0.024077
4 0.256584 0.528090 0.010375 0.041734
4 0.271349 0.534510 0.011173 0.044944
5 0.471269 0.308186 0.010375 0.048154
5 0.680766 0.581059 0.027135 0.025682
7 0.480447 0.800161 0.011173 0.024077
7 0.604549 0.402087 0.011971 0.024077
7 0.428970 0.650080 0.008779 0.022472
7 0.444932 0.663724 0.008779 0.027287
7 0.477654 0.782504 0.011971 0.020867
7 0.286512 0.602521 0.014366 0.021849
