0 0.488932 0.279398 0.024740 0.112500
1 0.958984 0.492824 0.071094 0.051389
2 0.550651 0.187037 0.039844 0.200926
4 0.504687 0.532176 0.010417 0.046759
4 0.505599 0.797917 0.010156 0.044907
4 0.705859 0.585880 0.026302 0.018981
5 0.678776 0.579398 0.024740 0.018981
5 0.691927 0.535417 0.023958 0.020833
5 0.037500 0.524074 0.025521 0.030556
7 0.537500 0.857176 0.008854 0.022685
7 0.583854 0.975231 0.008854 0.020833
7 0.452083 0.056944 0.011979 0.033333
0 0.528332 0.768908 0.023943 0.102521
4 0.251796 0.528571 0.011971 0.038655
