2 0.546745 0.190509 0.043490 0.209722
7 0.586328 0.631019 0.013281 0.019444
7 0.447656 0.227083 0.014583 0.027315
4 0.437500 0.437963 0.032292 0.025000
5 0.676042 0.584259 0.023438 0.019444
5 0.453776 0.532870 0.017969 0.021296
7 0.732642 0.647059 0.012769 0.020168
4 0.700718 0.591597 0.025539 0.020168
0 0.769354 0.541176 0.068635 0.070588
1 0.676776 0.460504 0.060654 0.047059
0 0.347566 0.539496 0.061453 0.047059
7 0.341979 0.440336 0.015164 0.023529
1 0.505986 0.646218 0.025539 0.102521
1 0.502394 0.944538 0.037510 0.107563
4 0.247007 0.530252 0.013567 0.045378
