0 0.600559 0.532905 0.061453 0.048154
0 0.449721 0.487961 0.055068 0.048154
1 0.723065 0.478331 0.055866 0.048154
2 0.554669 0.191814 0.036712 0.194222
4 0.435754 0.544141 0.027135 0.022472
4 0.736233 0.562600 0.024741 0.020867
4 0.709497 0.585875 0.023943 0.019262
4 0.863528 0.504815 0.022346 0.024077
4 0.823224 0.580257 0.023144 0.036918
7 0.364725 0.520064 0.012769 0.019262
7 0.579808 0.171750 0.007183 0.019262
7 0.584597 0.162119 0.007183 0.022472
7 0.472067 0.675762 0.013567 0.022472
7 0.779330 0.637239 0.013567 0.019262
7 0.793296 0.638042 0.011173 0.020867
4 0.274541 0.534510 0.011173 0.044944
7 0.478053 0.803371 0.012769 0.020867
0 0.922187 0.573950 0.058260 0.048739
7 0.942937 0.632773 0.023144 0.025210
4 0.260176 0.529412 0.011173 0.040336
