0 0.505208 0.286574 0.023958 0.107407
0 0.298438 0.471991 0.049479 0.044907
2 0.555469 0.187963 0.040104 0.199074
4 0.713932 0.586806 0.024740 0.020833
4 0.472396 0.436574 0.023958 0.019444
4 0.272135 0.536111 0.010937 0.050926
5 0.681901 0.585185 0.023177 0.017593
5 0.448828 0.554398 0.023177 0.020833
7 0.338411 0.576157 0.012760 0.025463
7 0.321745 0.388426 0.011198 0.015741
7 0.351172 0.400926 0.008073 0.014815
7 0.333984 0.405324 0.007031 0.018056
7 0.338411 0.390278 0.008594 0.015741
7 0.478385 0.859722 0.013542 0.030556
7 0.478776 0.782407 0.011198 0.024074
0 0.948125 0.521849 0.055866 0.045378
4 0.256983 0.529412 0.014366 0.040336
