0 0.196329 0.460674 0.055866 0.048154
0 0.434557 0.479133 0.056664 0.049759
1 0.503591 0.678973 0.025539 0.128411
2 0.554270 0.187801 0.039106 0.205457
4 0.318436 0.462279 0.025539 0.019262
4 0.709098 0.585875 0.023144 0.019262
4 0.269753 0.536116 0.011173 0.044944
5 0.680367 0.578652 0.023144 0.017657
5 0.375499 0.539326 0.026337 0.022472
5 0.538308 0.829053 0.010375 0.043339
7 0.456903 0.362761 0.013567 0.022472
7 0.703911 0.424559 0.012769 0.020867
7 0.720670 0.438202 0.012769 0.019262
7 0.705108 0.396469 0.013567 0.019262
7 0.728252 0.402889 0.010375 0.022472
7 0.673184 0.593098 0.011971 0.017657
7 0.476457 0.910112 0.011173 0.025682
4 0.255387 0.526050 0.014366 0.043697
