7 0.319792 0.469444 0.011458 0.023148
0 0.505469 0.059954 0.024479 0.103241
1 0.349089 0.741898 0.068490 0.054167
4 0.332422 0.668056 0.026302 0.021296
4 0.332161 0.693056 0.021615 0.025000
7 0.336198 0.677315 0.012500 0.018519
7 0.286113 0.866387 0.013567 0.025210
7 0.400239 0.109244 0.010375 0.020168
7 0.673982 0.713445 0.008779 0.018487
7 0.671588 0.702521 0.008779 0.016807
5 0.302474 0.355462 0.019154 0.028571
7 0.398643 0.127731 0.011971 0.023529
4 0.326018 0.629412 0.011971 0.038655
0 0.342378 0.952941 0.070231 0.053782
0 0.334796 0.807563 0.050279 0.045378
