4 0.981994 0.541426 0.032318 0.034682
4 0.488920 0.087669 0.015697 0.052023
4 0.151431 0.578998 0.035088 0.032755
7 0.627424 0.578998 0.013850 0.032755
7 0.368421 0.348748 0.011080 0.026975
7 0.359187 0.351638 0.011080 0.028902
7 0.951524 0.710983 0.015697 0.026975
7 0.767313 0.785164 0.012927 0.025048
7 0.073869 0.800578 0.012927 0.021195
7 0.609737 0.594958 0.014366 0.026891
7 0.039106 0.763866 0.022346 0.021849
7 0.051875 0.812605 0.015962 0.025210
0 0.782123 0.527731 0.071828 0.053782
0 0.801676 0.442017 0.072626 0.053782
0 0.262570 0.611765 0.065443 0.104202
4 0.523943 0.464706 0.029529 0.018487
7 0.783719 0.761345 0.014366 0.020168
7 0.074621 0.782353 0.011971 0.018487
