4 0.983380 0.548170 0.031394 0.025048
4 0.493075 0.099229 0.018467 0.052023
7 0.614035 0.604046 0.012927 0.032755
7 0.630194 0.587669 0.017544 0.030829
7 0.373038 0.363198 0.011080 0.028902
7 0.043860 0.777457 0.017544 0.021195
7 0.070175 0.784200 0.009234 0.019268
7 0.081717 0.795761 0.015697 0.023121
7 0.685596 0.707129 0.010157 0.019268
7 0.759926 0.895954 0.012927 0.023121
4 0.509234 0.466281 0.017544 0.061657
4 0.155586 0.590559 0.034164 0.025048
7 0.363927 0.362185 0.011173 0.028571
7 0.057861 0.823529 0.016760 0.023529
0 0.267358 0.621849 0.065443 0.097479
7 0.712291 0.776471 0.018356 0.023529
7 0.713887 0.781513 0.008779 0.020168
