0 0.416667 0.068750 0.043229 0.124537
0 0.560026 0.476852 0.063802 0.051852
4 0.158464 0.586574 0.030469 0.028704
4 0.982422 0.549074 0.027865 0.023148
7 0.713281 0.809259 0.014063 0.023148
7 0.629167 0.580093 0.011979 0.023148
7 0.063672 0.724537 0.009115 0.023148
7 0.365124 0.361345 0.010375 0.023529
7 0.373903 0.363025 0.010375 0.030252
7 0.055866 0.731092 0.011173 0.016807
7 0.050279 0.772269 0.022346 0.021849
7 0.063847 0.814286 0.019154 0.028571
7 0.616520 0.605042 0.013567 0.020168
0 0.270551 0.618487 0.063847 0.100840
4 0.237430 0.518487 0.032721 0.021849
4 0.494812 0.102521 0.011173 0.050420
