7 0.632041 0.587669 0.017544 0.030829
5 0.192982 0.522158 0.027701 0.023121
4 0.154201 0.593449 0.033241 0.023121
4 0.986150 0.554913 0.024007 0.023121
0 0.268236 0.624277 0.065559 0.100193
7 0.373500 0.367052 0.013850 0.028902
7 0.042475 0.781310 0.012927 0.021195
7 0.056787 0.830443 0.017544 0.023121
7 0.735919 0.793834 0.011080 0.023121
7 0.786242 0.775530 0.010157 0.021195
7 0.616520 0.605042 0.013567 0.026891
7 0.710694 0.821008 0.018356 0.025210
7 0.365922 0.362185 0.013567 0.028571
4 0.494413 0.100840 0.013567 0.053782
