4 0.982456 0.542389 0.031394 0.032755
7 0.629271 0.578998 0.013850 0.028902
7 0.359187 0.352601 0.011080 0.030829
7 0.775162 0.764933 0.010157 0.019268
7 0.785780 0.762042 0.009234 0.021195
7 0.765928 0.785164 0.013850 0.025048
7 0.944137 0.700385 0.013850 0.025048
7 0.074792 0.801541 0.011080 0.023121
7 0.610136 0.594958 0.015164 0.030252
7 0.039505 0.761345 0.019952 0.020168
7 0.052275 0.814286 0.016760 0.028571
0 0.753392 0.531933 0.071828 0.058824
0 0.637271 0.457983 0.067837 0.048739
0 0.262969 0.611765 0.064645 0.100840
4 0.489226 0.089076 0.014366 0.053782
7 0.779729 0.781513 0.009577 0.016807
7 0.368715 0.356303 0.011173 0.023529
4 0.148843 0.578151 0.034318 0.023529
0 0.289705 0.474790 0.071828 0.052101
7 0.073424 0.780672 0.012769 0.021849
