4 0.981533 0.536609 0.035088 0.036609
4 0.488458 0.086705 0.016620 0.057803
4 0.150970 0.575145 0.037858 0.032755
7 0.368883 0.347784 0.012004 0.032755
7 0.358726 0.348748 0.010157 0.038536
7 0.031856 0.364162 0.024931 0.034682
7 0.766851 0.784200 0.015697 0.026975
7 0.072946 0.799615 0.012927 0.023121
0 0.240074 0.489403 0.068329 0.053950
7 0.779729 0.764706 0.009577 0.013445
7 0.783719 0.757983 0.009577 0.013445
7 0.611333 0.590756 0.014366 0.028571
7 0.625698 0.576471 0.019154 0.036975
7 0.039904 0.759664 0.019154 0.020168
7 0.052674 0.810084 0.017558 0.023529
7 0.073823 0.779832 0.013567 0.020168
0 0.263368 0.606723 0.063847 0.100840
0 0.845571 0.513445 0.072626 0.062185
