0 0.507161 0.512963 0.038281 0.091667
7 0.038151 0.527083 0.017969 0.015278
5 0.574222 0.676471 0.016760 0.015126
7 0.283719 0.872269 0.013567 0.026891
4 0.327614 0.692437 0.024741 0.030252
5 0.486034 0.162185 0.011173 0.052101
5 0.545890 0.615966 0.007981 0.035294
7 0.551077 0.607563 0.010375 0.021849
4 0.323623 0.634454 0.010375 0.045378
0 0.294094 0.412605 0.051875 0.045378
1 0.347965 0.745378 0.067039 0.055462
0 0.340782 0.958824 0.070231 0.058824
7 0.330806 0.799160 0.010375 0.015126
0 0.332402 0.810924 0.053472 0.045378
