7 0.515235 0.558767 0.009234 0.019268
7 0.512004 0.597303 0.013850 0.023121
7 0.525392 0.630058 0.012927 0.026975
7 0.609880 0.596339 0.012004 0.025048
7 0.627886 0.578035 0.012927 0.026975
7 0.370268 0.355491 0.009234 0.028902
4 0.157895 0.580925 0.035088 0.028902
4 0.490766 0.098266 0.015697 0.053950
7 0.047553 0.765896 0.015697 0.017341
0 0.093721 0.484586 0.071099 0.052023
7 0.448524 0.647059 0.017558 0.020168
7 0.442538 0.625210 0.016760 0.020168
4 0.978053 0.543697 0.031125 0.021849
7 0.362729 0.355462 0.011971 0.025210
7 0.055866 0.722689 0.011173 0.016807
7 0.061453 0.715966 0.015962 0.020168
0 0.267757 0.609244 0.063049 0.102521
