4 0.319499 0.813178 0.021520 0.041701
4 0.458498 0.448290 0.019324 0.037531
7 0.545455 0.450375 0.009662 0.015013
1 0.335595 0.410084 0.066241 0.053782
7 0.306065 0.757143 0.011971 0.025210
7 0.294493 0.875630 0.015962 0.026891
7 0.294493 0.912605 0.015962 0.026891
5 0.573424 0.673109 0.016760 0.018487
7 0.634876 0.618487 0.011971 0.020168
7 0.281325 0.737815 0.013567 0.026891
7 0.921788 0.378151 0.014366 0.020168
7 0.907023 0.331092 0.010375 0.020168
4 0.318835 0.634454 0.013567 0.048739
1 0.343974 0.747059 0.068635 0.058824
0 0.336792 0.963866 0.071828 0.052101
