7 0.613573 0.602119 0.013850 0.028902
0 0.028624 0.485549 0.057248 0.053950
0 0.448292 0.280347 0.032318 0.132948
4 0.491690 0.103083 0.012004 0.052023
4 0.156048 0.587669 0.033241 0.023121
4 0.981071 0.551060 0.032318 0.023121
5 0.841644 0.526975 0.024931 0.021195
7 0.711911 0.809249 0.011080 0.023121
7 0.629732 0.585742 0.012927 0.023121
7 0.061404 0.727360 0.012004 0.017341
7 0.363128 0.361345 0.009577 0.026891
7 0.372706 0.363866 0.011173 0.028571
0 0.267358 0.621008 0.063847 0.099160
7 0.047885 0.777311 0.020750 0.025210
7 0.061453 0.821849 0.017558 0.030252
7 0.053073 0.732773 0.013567 0.023529
