4 0.492613 0.102119 0.017544 0.050096
7 0.613573 0.605010 0.013850 0.026975
7 0.442290 0.378613 0.012927 0.028902
4 0.156048 0.588632 0.035088 0.028902
4 0.780702 0.503854 0.030471 0.028902
4 0.980609 0.552987 0.027701 0.023121
7 0.759926 0.810212 0.011080 0.021195
7 0.630194 0.586705 0.012004 0.021195
7 0.092336 0.777457 0.012927 0.021195
7 0.058633 0.821773 0.013850 0.021195
0 0.267358 0.621008 0.063847 0.105882
0 0.216281 0.485714 0.070231 0.053782
7 0.735834 0.812605 0.009577 0.021849
7 0.739026 0.812605 0.007981 0.011765
7 0.363927 0.365546 0.011173 0.031933
7 0.372306 0.363866 0.011971 0.028571
7 0.110136 0.800840 0.011173 0.018487
7 0.045491 0.775630 0.022346 0.021849
4 0.038707 0.518487 0.039106 0.025210
