7 0.309245 0.831019 0.013281 0.019444
7 0.528385 0.514583 0.010417 0.015278
5 0.524609 0.537037 0.016406 0.023148
5 0.163281 0.347222 0.019271 0.017593
4 0.325000 0.627778 0.011458 0.042593
1 0.350130 0.743519 0.068490 0.054630
4 0.522526 0.128704 0.009635 0.042593
5 0.623958 0.691667 0.016667 0.024074
7 0.286911 0.866387 0.015164 0.025210
7 0.527534 0.532773 0.009577 0.016807
4 0.329609 0.691597 0.022346 0.028571
7 0.511173 0.752101 0.008779 0.018487
7 0.515164 0.763866 0.008779 0.015126
0 0.342777 0.952941 0.069433 0.053782
0 0.334397 0.806723 0.052674 0.047059
