0 0.275623 0.614644 0.067405 0.104046
4 0.165282 0.586705 0.035088 0.032755
4 0.497230 0.102119 0.017544 0.053950
7 0.807479 0.359345 0.017544 0.028902
7 0.053093 0.768786 0.017544 0.023121
7 0.067405 0.719653 0.014774 0.021195
0 0.733041 0.455462 0.071030 0.057143
1 0.124501 0.504202 0.081405 0.063866
7 0.378691 0.364706 0.011971 0.030252
7 0.617717 0.600840 0.014366 0.028571
7 0.635275 0.585714 0.014366 0.021849
7 0.056664 0.724370 0.011173 0.013445
7 0.070231 0.815126 0.017558 0.023529
7 0.371109 0.364706 0.011173 0.026891
4 0.982043 0.549580 0.029529 0.023529
