4 0.982918 0.534682 0.030471 0.036609
4 0.149584 0.572254 0.036934 0.034682
7 0.628809 0.570328 0.014774 0.030829
7 0.766390 0.783237 0.012927 0.028902
7 0.789474 0.709056 0.012927 0.023121
7 0.069714 0.793834 0.013850 0.026975
7 0.057248 0.816956 0.012927 0.023121
0 0.538319 0.606936 0.038781 0.119461
7 0.610934 0.589916 0.013567 0.030252
4 0.488827 0.081513 0.015164 0.052101
7 0.151237 0.363025 0.015164 0.023529
0 0.261373 0.605882 0.064645 0.105882
7 0.075818 0.773950 0.012769 0.018487
7 0.051077 0.810924 0.015962 0.025210
7 0.038308 0.758824 0.025539 0.018487
7 0.357542 0.347059 0.011173 0.025210
7 0.366321 0.345378 0.011173 0.025210
