4 0.156510 0.591522 0.032318 0.023121
4 0.984765 0.552987 0.026777 0.026975
7 0.632502 0.586705 0.011080 0.028902
4 0.598338 0.919075 0.018467 0.061657
7 0.755771 0.837187 0.013850 0.021195
7 0.688366 0.706166 0.012004 0.021195
7 0.166667 0.096339 0.013850 0.026975
7 0.057248 0.826590 0.012927 0.019268
7 0.615722 0.603361 0.013567 0.026891
7 0.366321 0.364706 0.012769 0.033613
7 0.045491 0.774790 0.020750 0.023529
7 0.053472 0.792437 0.012769 0.021849
7 0.061453 0.788235 0.015962 0.016807
0 0.268156 0.621849 0.065443 0.100840
7 0.770950 0.973950 0.009577 0.018487
7 0.373903 0.363025 0.010375 0.033613
4 0.494413 0.098319 0.013567 0.052101
7 0.755387 0.842017 0.008779 0.016807
