3 0.505078 0.489403 0.077562 0.050096
7 0.083564 0.799615 0.012004 0.019268
7 0.060942 0.822736 0.014774 0.026975
4 0.159280 0.587669 0.032318 0.026975
4 0.493998 0.102119 0.014774 0.046243
4 0.982456 0.553950 0.031394 0.025048
7 0.630656 0.585742 0.014774 0.030829
7 0.757156 0.887283 0.014774 0.028902
7 0.614525 0.602521 0.012769 0.028571
0 0.269753 0.619328 0.065443 0.102521
7 0.049082 0.771429 0.021548 0.023529
7 0.079409 0.815966 0.010375 0.021849
7 0.053472 0.821849 0.012769 0.020168
7 0.374302 0.363866 0.011173 0.025210
7 0.365523 0.363025 0.009577 0.026891
