7 0.374885 0.362235 0.011080 0.030829
7 0.633887 0.591522 0.015697 0.026975
7 0.753924 0.823699 0.012004 0.021195
7 0.070637 0.801541 0.012004 0.023121
4 0.156510 0.591522 0.032318 0.026975
7 0.365189 0.364162 0.010157 0.030829
4 0.495383 0.101156 0.013850 0.052023
7 0.682761 0.708403 0.011971 0.021849
7 0.691540 0.709244 0.011971 0.023529
7 0.616520 0.601681 0.011971 0.033613
4 0.984437 0.552941 0.027933 0.030252
0 0.268156 0.621849 0.065443 0.104202
7 0.046688 0.776471 0.023144 0.016807
7 0.063049 0.790756 0.012769 0.021849
7 0.047087 0.831092 0.014366 0.021849
7 0.061053 0.823529 0.016760 0.023529
