4 0.983380 0.544316 0.031394 0.032755
7 0.631579 0.582852 0.014774 0.028902
7 0.734534 0.791908 0.015697 0.019268
4 0.016159 0.452794 0.030471 0.023121
4 0.153740 0.583815 0.032318 0.023121
0 0.195753 0.477842 0.068329 0.046243
0 0.267313 0.613680 0.063712 0.102119
4 0.490822 0.094958 0.012769 0.052101
7 0.370710 0.359664 0.010375 0.026891
7 0.363528 0.357143 0.011971 0.025210
7 0.142059 0.372269 0.011173 0.021849
7 0.041101 0.769748 0.018356 0.020168
7 0.052674 0.818487 0.014366 0.026891
7 0.063049 0.810924 0.014366 0.025210
7 0.613328 0.598319 0.015164 0.026891
7 0.790902 0.752941 0.007981 0.020168
7 0.787709 0.762185 0.012769 0.018487
