7 0.632041 0.582852 0.015697 0.025048
7 0.615420 0.601156 0.017544 0.026975
4 0.155586 0.585742 0.032318 0.026975
4 0.164358 0.525048 0.036934 0.025048
4 0.492613 0.098266 0.013850 0.050096
4 0.982456 0.549133 0.031394 0.026975
7 0.364326 0.360504 0.010375 0.028571
7 0.371907 0.361345 0.011173 0.026891
7 0.044693 0.769748 0.020750 0.020168
7 0.059457 0.819328 0.016760 0.025210
1 0.621708 0.480672 0.083001 0.057143
0 0.343575 0.489916 0.069433 0.055462
0 0.267757 0.619328 0.064645 0.099160
0 0.023543 0.475630 0.047087 0.050420
