4 0.427054 0.143545 0.017544 0.059730
4 0.152816 0.583815 0.032318 0.026975
5 0.699446 0.412331 0.026777 0.023121
0 0.629271 0.479769 0.060018 0.046243
7 0.713758 0.782274 0.014774 0.023121
7 0.063712 0.813102 0.011080 0.026975
4 0.492817 0.092437 0.015164 0.053782
4 0.984038 0.547059 0.028731 0.025210
7 0.042698 0.772269 0.021548 0.025210
7 0.056664 0.820168 0.017558 0.030252
7 0.363128 0.357143 0.011173 0.031933
7 0.369912 0.357143 0.011971 0.031933
7 0.187151 0.352101 0.013567 0.021849
7 0.631285 0.582353 0.012769 0.025210
7 0.612929 0.599160 0.014366 0.025210
0 0.265762 0.615126 0.067039 0.100840
7 0.788907 0.775630 0.008779 0.015126
7 0.796488 0.760504 0.009577 0.018487
7 0.785315 0.762185 0.014366 0.018487
