4 0.496307 0.105010 0.019391 0.059730
4 0.983380 0.556840 0.031394 0.038536
7 0.375808 0.368979 0.011080 0.025048
7 0.617267 0.610790 0.013850 0.030829
7 0.633887 0.591522 0.015697 0.023121
7 0.733149 0.806358 0.009234 0.025048
7 0.715605 0.814066 0.014774 0.028902
0 0.059557 0.522158 0.069252 0.050096
0 0.270545 0.620424 0.062789 0.100193
4 0.156971 0.593449 0.033241 0.026975
5 0.581006 0.532773 0.030327 0.023529
7 0.778532 0.775630 0.013567 0.021849
7 0.772147 0.787395 0.010375 0.021849
7 0.365922 0.368067 0.011971 0.026891
7 0.046688 0.784034 0.023144 0.025210
7 0.060255 0.830252 0.019952 0.023529
7 0.152035 0.111765 0.016760 0.025210
