7 0.363343 0.365125 0.010157 0.032755
7 0.614035 0.606936 0.012927 0.030829
7 0.628347 0.588632 0.013850 0.025048
4 0.155125 0.590559 0.031394 0.025048
4 0.491690 0.104046 0.012004 0.050096
4 0.983841 0.555877 0.030471 0.028902
7 0.681902 0.711946 0.012004 0.025048
7 0.690674 0.719653 0.011080 0.025048
7 0.069714 0.772640 0.013850 0.023121
7 0.085873 0.784200 0.012927 0.026975
0 0.268156 0.625210 0.065443 0.100840
7 0.372706 0.368067 0.011173 0.026891
7 0.045491 0.780672 0.022346 0.021849
7 0.059058 0.824370 0.017558 0.025210
