0 0.275623 0.602119 0.067405 0.102119
4 0.982918 0.538536 0.032318 0.028902
5 0.200369 0.430636 0.031394 0.028902
7 0.100646 0.629094 0.022161 0.021195
7 0.101570 0.596339 0.018467 0.021195
0 0.505078 0.463391 0.064635 0.048170
7 0.053555 0.761079 0.014774 0.019268
7 0.617318 0.588235 0.011971 0.026891
7 0.634477 0.573109 0.014366 0.023529
7 0.370710 0.348739 0.011971 0.025210
7 0.377893 0.349580 0.011971 0.026891
7 0.062251 0.716807 0.012769 0.015126
7 0.068635 0.709244 0.014366 0.023529
4 0.163607 0.575630 0.035116 0.025210
0 0.441740 0.243697 0.031125 0.117647
4 0.497606 0.090756 0.013567 0.050420
