7 0.141736 0.595376 0.015697 0.019268
7 0.265466 0.651252 0.015697 0.023121
7 0.616805 0.588632 0.011080 0.025048
7 0.632964 0.572254 0.012004 0.023121
7 0.377193 0.351638 0.010157 0.028902
4 0.981071 0.533719 0.032318 0.026975
4 0.164358 0.574181 0.031394 0.023121
0 0.564635 0.462428 0.065559 0.050096
7 0.065097 0.707129 0.010157 0.015414
7 0.054017 0.760116 0.015697 0.017341
4 0.495211 0.092437 0.011971 0.050420
0 0.207901 0.468908 0.063049 0.043697
0 0.273344 0.604202 0.064645 0.102521
7 0.253791 0.670588 0.019154 0.023529
7 0.264565 0.687395 0.016760 0.020168
7 0.149242 0.626050 0.020750 0.018487
7 0.060654 0.713445 0.014366 0.015126
7 0.368715 0.348739 0.011173 0.025210
