5 0.385324 0.907443 0.015255 0.034351
4 0.322734 0.635220 0.011659 0.052111
0 0.971893 0.676814 0.050944 0.045872
7 0.980896 0.705588 0.013614 0.021685
5 0.576217 0.673950 0.014366 0.020168
7 0.505986 0.700840 0.011173 0.020168
7 0.284118 0.870588 0.019154 0.023529
7 0.551875 0.912605 0.010375 0.026891
7 0.478452 0.038655 0.011971 0.026891
7 0.541899 0.756303 0.012769 0.023529
7 0.545890 0.981513 0.011173 0.020168
5 0.541101 0.982353 0.011173 0.028571
1 0.346768 0.745378 0.067837 0.058824
0 0.339984 0.956303 0.068635 0.060504
