0 0.357802 0.469171 0.065559 0.055877
0 0.275623 0.605010 0.067405 0.104046
4 0.497692 0.090559 0.016620 0.050096
4 0.983380 0.537572 0.029548 0.030829
7 0.034626 0.617534 0.023084 0.021195
7 0.036011 0.638728 0.020314 0.017341
7 0.378578 0.352601 0.011080 0.026975
7 0.054017 0.761079 0.017544 0.019268
0 0.212373 0.452794 0.068329 0.046243
7 0.370311 0.351261 0.011173 0.030252
7 0.618117 0.589916 0.013567 0.026891
7 0.634477 0.574790 0.014366 0.023529
7 0.045491 0.594118 0.022346 0.021849
7 0.061453 0.716807 0.011173 0.018487
7 0.069034 0.711765 0.013567 0.021849
4 0.164405 0.575630 0.033520 0.025210
