7 0.551953 0.304630 0.009635 0.016667
7 0.908203 0.746991 0.016927 0.018981
7 0.342708 0.619444 0.008333 0.017593
7 0.304818 0.800231 0.010677 0.022685
7 0.292969 0.767824 0.015104 0.020833
1 0.349740 0.743981 0.067187 0.056481
4 0.325911 0.631250 0.012240 0.046759
4 0.330208 0.691898 0.021875 0.027315
7 0.322396 0.282870 0.010417 0.016667
7 0.352865 0.249306 0.008333 0.018056
4 0.401042 0.480093 0.014063 0.034259
7 0.287310 0.866387 0.014366 0.025210
5 0.302474 0.361345 0.019154 0.023529
7 0.908619 0.726891 0.011971 0.018487
7 0.338388 0.283193 0.011173 0.018487
7 0.563847 0.304202 0.007183 0.020168
0 0.342378 0.952101 0.067039 0.052101
0 0.333200 0.806723 0.050279 0.047059
