7 0.360677 0.359259 0.011979 0.028704
7 0.371224 0.358333 0.009115 0.030556
4 0.978385 0.548148 0.032292 0.028704
4 0.156120 0.585648 0.031510 0.023148
4 0.489844 0.099074 0.014063 0.048148
7 0.846745 0.356481 0.016406 0.019444
0 0.883480 0.447059 0.070231 0.050420
0 0.267358 0.615966 0.065443 0.099160
7 0.629689 0.586555 0.014366 0.026891
7 0.610535 0.600000 0.014366 0.033613
7 0.762969 0.952101 0.011173 0.025210
7 0.763767 0.921849 0.015962 0.031933
7 0.059457 0.818487 0.018356 0.026891
7 0.046688 0.771429 0.019952 0.026891
7 0.047087 0.733613 0.011173 0.018487
7 0.055866 0.736975 0.017558 0.021849
