4 0.983841 0.545279 0.028624 0.030829
4 0.499077 0.101156 0.015697 0.052023
4 0.165743 0.584778 0.034164 0.032755
0 0.277932 0.614644 0.064635 0.107900
0 0.172669 0.493256 0.070175 0.046243
7 0.056325 0.771676 0.016620 0.021195
7 0.072022 0.815992 0.014774 0.021195
7 0.636872 0.579832 0.015962 0.020168
7 0.492019 0.388235 0.016760 0.020168
7 0.372706 0.361345 0.009577 0.033613
7 0.380287 0.364706 0.013567 0.033613
7 0.619314 0.599160 0.014366 0.028571
7 0.060255 0.724370 0.011971 0.016807
7 0.069832 0.717647 0.015164 0.026891
