7 0.710526 0.778420 0.012004 0.023121
4 0.155125 0.583815 0.031394 0.023121
4 0.340259 0.454721 0.028624 0.023121
7 0.613573 0.597303 0.012004 0.023121
7 0.629732 0.581888 0.011080 0.023121
0 0.223915 0.497110 0.063712 0.050096
5 0.885042 0.395954 0.026777 0.017341
4 0.983380 0.547206 0.029548 0.019268
7 0.044294 0.770588 0.019952 0.021849
7 0.055068 0.819328 0.015962 0.025210
7 0.062650 0.810924 0.013567 0.021849
0 0.430168 0.377311 0.052674 0.109244
0 0.266560 0.614286 0.065443 0.102521
7 0.795291 0.762185 0.008779 0.018487
7 0.788109 0.763866 0.013567 0.018487
7 0.787709 0.773950 0.007981 0.018487
7 0.370710 0.358824 0.010375 0.028571
7 0.363128 0.357983 0.011173 0.033613
4 0.491221 0.094118 0.013567 0.050420
7 0.183559 0.364706 0.015962 0.020168
