4 0.981071 0.549133 0.032318 0.034682
4 0.497692 0.102119 0.016620 0.050096
4 0.164358 0.585742 0.036934 0.034682
7 0.920129 0.342967 0.017544 0.026975
0 0.275623 0.611753 0.065559 0.098266
7 0.053093 0.768786 0.013850 0.019268
7 0.634078 0.582353 0.013567 0.021849
0 0.366321 0.478151 0.071828 0.058824
7 0.370710 0.362185 0.011971 0.028571
7 0.379090 0.363866 0.012769 0.025210
7 0.065443 0.717647 0.017558 0.020168
7 0.057861 0.725210 0.011971 0.011765
7 0.069433 0.815126 0.015962 0.026891
7 0.618516 0.600000 0.014366 0.026891
