0 0.271006 0.607900 0.063712 0.098266
4 0.491228 0.095376 0.016620 0.052023
4 0.976916 0.542389 0.033241 0.025048
7 0.369344 0.650289 0.014774 0.017341
7 0.370268 0.666667 0.016620 0.015414
7 0.453370 0.577071 0.014774 0.021195
7 0.465836 0.646435 0.012004 0.025048
7 0.612188 0.598266 0.011080 0.025048
7 0.631117 0.582852 0.012004 0.025048
7 0.063712 0.713873 0.011080 0.017341
7 0.057710 0.721580 0.010157 0.017341
7 0.450120 0.621008 0.015962 0.025210
7 0.366321 0.357983 0.011173 0.026891
7 0.373504 0.357983 0.011173 0.033613
4 0.160814 0.582353 0.032721 0.028571
7 0.051476 0.765546 0.016760 0.018487
