7 0.667128 0.623314 0.012004 0.021195
7 0.740536 0.388247 0.014774 0.021195
7 0.768236 0.369942 0.012927 0.023121
7 0.788550 0.371869 0.016620 0.015414
4 0.983841 0.550096 0.028624 0.028902
4 0.499077 0.104046 0.013850 0.053950
4 0.164820 0.586705 0.032318 0.025048
0 0.276547 0.615607 0.063712 0.098266
7 0.069252 0.815992 0.014774 0.025048
7 0.052170 0.774566 0.019391 0.019268
7 0.619314 0.603361 0.014366 0.026891
7 0.635275 0.585714 0.014366 0.021849
7 0.775339 0.405042 0.013567 0.020168
7 0.741820 0.372269 0.013567 0.018487
7 0.778532 0.357983 0.013567 0.016807
7 0.068635 0.721849 0.011173 0.018487
7 0.372306 0.363866 0.010375 0.031933
7 0.381085 0.365546 0.010375 0.025210
7 0.379090 0.383193 0.011173 0.016807
