4 0.156971 0.591522 0.033241 0.023121
4 0.493998 0.100193 0.012927 0.042389
4 0.982918 0.555877 0.028624 0.025048
7 0.705448 0.781310 0.009234 0.017341
7 0.710065 0.808285 0.012927 0.025048
7 0.723915 0.798651 0.009234 0.021195
7 0.629732 0.586705 0.011080 0.021195
7 0.613573 0.606936 0.012004 0.026975
7 0.084949 0.781310 0.009234 0.021195
7 0.091413 0.761079 0.012927 0.023121
7 0.060942 0.823699 0.014774 0.025048
7 0.373504 0.367227 0.011173 0.028571
7 0.363927 0.364706 0.011173 0.026891
0 0.269354 0.621849 0.064645 0.104202
7 0.045890 0.779832 0.023144 0.020168
