7 0.614035 0.599229 0.014774 0.030829
0 0.366113 0.468208 0.067405 0.065511
0 0.267313 0.613680 0.061865 0.102119
7 0.630656 0.580925 0.012927 0.025048
4 0.156048 0.587669 0.027701 0.026975
4 0.982918 0.547206 0.026777 0.023121
7 0.772392 0.968208 0.013850 0.028902
7 0.061865 0.754335 0.012927 0.021195
7 0.049400 0.736031 0.012004 0.019268
7 0.045245 0.771676 0.016620 0.025048
7 0.059095 0.820809 0.014774 0.026975
4 0.493216 0.097479 0.012769 0.050420
7 0.371907 0.356303 0.011173 0.030252
7 0.363128 0.357143 0.009577 0.031933
