4 0.156510 0.594412 0.032318 0.021195
4 0.494460 0.102119 0.013850 0.050096
7 0.614497 0.605973 0.013850 0.028902
7 0.630656 0.590559 0.011080 0.028902
7 0.716066 0.789017 0.010157 0.021195
7 0.683287 0.710983 0.009234 0.019268
7 0.373500 0.365125 0.010157 0.032755
4 0.984303 0.555877 0.027701 0.025048
7 0.046630 0.832370 0.012004 0.023121
7 0.065559 0.798651 0.012927 0.025048
0 0.268955 0.624370 0.065443 0.102521
7 0.059457 0.826050 0.019952 0.028571
7 0.365523 0.366387 0.011173 0.023529
7 0.046688 0.775630 0.023144 0.018487
7 0.692338 0.715966 0.011971 0.020168
7 0.691939 0.718487 0.007981 0.011765
