7 0.414974 0.075694 0.008073 0.020833
7 0.426172 0.073843 0.006510 0.022685
7 0.421354 0.676852 0.009375 0.017593
7 0.315495 0.834028 0.011719 0.017130
5 0.575419 0.673109 0.015962 0.018487
7 0.284118 0.865546 0.014366 0.026891
7 0.571429 0.602521 0.011173 0.018487
5 0.546289 0.615126 0.010375 0.033613
7 0.372306 0.123529 0.011971 0.021849
7 0.347566 0.270588 0.013567 0.020168
4 0.324820 0.627731 0.011173 0.042017
4 0.329609 0.693277 0.020750 0.031933
1 0.348763 0.742857 0.067039 0.057143
0 0.340383 0.954622 0.071030 0.057143
0 0.332003 0.807563 0.049481 0.045378
