4 0.443675 0.337187 0.019391 0.053950
7 0.614035 0.603083 0.012927 0.030829
7 0.631579 0.586705 0.011080 0.028902
4 0.984765 0.552023 0.026777 0.025048
7 0.363804 0.362235 0.009234 0.030829
7 0.373500 0.362235 0.010157 0.030829
4 0.155586 0.587669 0.032318 0.023121
4 0.493216 0.099160 0.014366 0.053782
0 0.267757 0.621008 0.064645 0.099160
7 0.057861 0.823529 0.015164 0.023529
7 0.768555 0.903361 0.009577 0.025210
7 0.754589 0.841176 0.016760 0.021849
7 0.754988 0.842017 0.007981 0.016807
7 0.045092 0.773950 0.021548 0.021849
