7 0.618190 0.605010 0.013850 0.026975
7 0.632502 0.587669 0.014774 0.030829
4 0.495383 0.101156 0.017544 0.052023
4 0.223915 0.469171 0.034164 0.025048
4 0.157433 0.590559 0.036011 0.025048
4 0.985226 0.553950 0.027701 0.025048
7 0.717452 0.789017 0.014774 0.025048
7 0.058172 0.826590 0.016620 0.023121
7 0.762969 0.791597 0.007981 0.013445
7 0.762171 0.801681 0.007981 0.016807
7 0.365922 0.366387 0.010375 0.026891
7 0.375499 0.366387 0.011971 0.026891
7 0.046688 0.778992 0.023144 0.021849
0 0.269753 0.623529 0.065443 0.100840
