0 0.414127 0.052987 0.045245 0.105973
4 0.491228 0.085742 0.018467 0.055877
4 0.984303 0.537572 0.029548 0.030829
4 0.152816 0.577071 0.037858 0.036609
7 0.740536 0.618497 0.016620 0.026975
7 0.632964 0.573218 0.015697 0.028902
7 0.615882 0.595376 0.016620 0.026975
7 0.331487 0.360308 0.011080 0.023121
7 0.323638 0.383430 0.017544 0.023121
7 0.789012 0.756262 0.012004 0.025048
7 0.792244 0.710983 0.009234 0.023121
7 0.771930 0.784200 0.012927 0.023121
7 0.073869 0.792871 0.014774 0.021195
7 0.053555 0.812139 0.014774 0.021195
7 0.042698 0.761345 0.021548 0.020168
7 0.074222 0.776471 0.014366 0.016807
0 0.763368 0.526891 0.071030 0.055462
0 0.266560 0.608403 0.065443 0.104202
