7 0.712835 0.814066 0.014774 0.025048
7 0.062327 0.727360 0.013850 0.021195
4 0.159741 0.590559 0.033241 0.021195
7 0.630656 0.586705 0.011080 0.021195
7 0.614035 0.604046 0.011080 0.025048
4 0.980609 0.552023 0.033241 0.021195
4 0.492817 0.108403 0.011971 0.052101
0 0.373105 0.472269 0.067837 0.060504
7 0.365124 0.368067 0.011971 0.026891
7 0.373105 0.367227 0.011971 0.025210
7 0.055068 0.737815 0.011173 0.023529
7 0.048683 0.778151 0.022346 0.023529
7 0.062251 0.822689 0.014366 0.028571
0 0.269354 0.623529 0.063049 0.097479
