4 0.488458 0.091522 0.016620 0.055877
4 0.150046 0.583815 0.034164 0.030829
4 0.981071 0.541426 0.034164 0.030829
7 0.309326 0.383430 0.012927 0.026975
7 0.267775 0.371869 0.016620 0.026975
7 0.249307 0.388247 0.016620 0.025048
7 0.627424 0.577071 0.015697 0.028902
7 0.763158 0.788054 0.013850 0.030829
7 0.780702 0.715800 0.010157 0.021195
7 0.138042 0.664740 0.013850 0.030829
7 0.058633 0.832370 0.013850 0.023121
7 0.611732 0.596639 0.013567 0.026891
7 0.073823 0.798319 0.011971 0.016807
7 0.081405 0.787395 0.011173 0.015126
7 0.039505 0.769748 0.021548 0.023529
0 0.759377 0.532773 0.072626 0.060504
0 0.262171 0.615966 0.066241 0.102521
7 0.052674 0.819328 0.015962 0.025210
7 0.786911 0.719328 0.007981 0.016807
7 0.790902 0.713445 0.009577 0.018487
