5 0.315755 0.368519 0.016927 0.025000
7 0.745703 0.718981 0.011198 0.012037
7 0.745964 0.736806 0.012760 0.012500
7 0.338542 0.838657 0.011458 0.018981
4 0.325651 0.626389 0.010156 0.035185
4 0.331771 0.690278 0.021354 0.032407
1 0.349609 0.743519 0.069531 0.055556
7 0.288542 0.768750 0.013021 0.020833
7 0.286911 0.867227 0.013567 0.023529
7 0.316840 0.367227 0.012769 0.021849
7 0.330806 0.354622 0.013567 0.020168
7 0.555866 0.031933 0.011971 0.030252
0 0.342378 0.952941 0.070231 0.053782
0 0.333998 0.805882 0.051875 0.048739
