7 0.391505 0.623314 0.012927 0.021195
7 0.629271 0.578998 0.012004 0.028902
4 0.978763 0.544316 0.035088 0.028902
4 0.161127 0.577071 0.034164 0.032755
0 0.271930 0.605010 0.065559 0.100193
7 0.051247 0.763006 0.015697 0.023121
4 0.493216 0.096639 0.014366 0.052101
7 0.614126 0.591597 0.011971 0.023529
7 0.365922 0.355462 0.011971 0.028571
7 0.396249 0.667227 0.010375 0.020168
7 0.383081 0.654622 0.014366 0.021849
7 0.289306 0.661345 0.018356 0.018487
7 0.293695 0.676471 0.017558 0.015126
7 0.062650 0.720168 0.013567 0.018487
7 0.062650 0.712605 0.016760 0.026891
7 0.373903 0.354622 0.013567 0.026891
