4 0.511068 0.797454 0.024740 0.024537
4 0.746224 0.610417 0.027344 0.031019
4 0.721875 0.614583 0.021354 0.029167
4 0.938932 0.916204 0.029427 0.034259
4 0.608854 0.306481 0.028646 0.024074
4 0.810156 0.138194 0.027083 0.019907
7 0.088932 0.226157 0.018490 0.022685
7 0.193880 0.808796 0.012760 0.021296
7 0.273438 0.802546 0.011979 0.018056
7 0.293620 0.821296 0.009635 0.019444
7 0.341146 0.843750 0.008854 0.016204
7 0.389453 0.849537 0.012760 0.014815
7 0.360417 0.868287 0.011979 0.016204
7 0.405729 0.878935 0.010417 0.020833
7 0.481641 0.153704 0.010156 0.021296
3 0.813281 0.681250 0.075000 0.081019
3 0.899479 0.363426 0.078125 0.050000
2 0.188281 0.510648 0.148438 0.075000
1 0.245312 0.355093 0.064583 0.053704
0 0.887109 0.668287 0.051823 0.061574
0 0.892188 0.734954 0.051042 0.058796
0 0.752604 0.846296 0.054167 0.066667
0 0.268229 0.645602 0.052604 0.048611
0 0.172786 0.735880 0.061198 0.056944
7 0.495443 0.154167 0.007031 0.018519
0 0.721484 0.971065 0.058594 0.057870
0 0.192737 0.282353 0.056664 0.043697
0 0.611333 0.245378 0.047885 0.043697
0 0.100160 0.342857 0.053472 0.043697
1 0.456504 0.333613 0.073424 0.055462
0 0.976057 0.295798 0.044693 0.043697
3 0.737430 0.550420 0.094174 0.105882
2 0.733041 0.386555 0.144453 0.070588
