0 0.917398 0.686179 0.061453 0.071545
0 0.571828 0.747154 0.053472 0.056911
0 0.599362 0.864228 0.057462 0.060163
2 0.198723 0.510569 0.150040 0.071545
2 0.179968 0.735772 0.131684 0.102439
4 0.807263 0.137398 0.026337 0.021138
4 0.085395 0.649593 0.033520 0.024390
6 0.942139 0.849593 0.040702 0.056911
6 0.719473 0.304065 0.039106 0.039024
7 0.479649 0.126016 0.009577 0.021138
7 0.482043 0.149593 0.009577 0.019512
7 0.494413 0.157724 0.010375 0.019512
7 0.195930 0.808130 0.010375 0.019512
7 0.270950 0.805691 0.011971 0.027642
7 0.277334 0.839024 0.013567 0.016260
7 0.341979 0.842276 0.010375 0.022764
7 0.405427 0.876423 0.012769 0.022764
7 0.984038 0.518699 0.014366 0.022764
0 0.042698 0.496639 0.055068 0.042017
4 0.089785 0.505882 0.034318 0.020168
0 0.444533 0.818487 0.055866 0.053782
0 0.611333 0.245378 0.046289 0.043697
