0 0.682813 0.319444 0.056771 0.047222
0 0.891016 0.734028 0.051823 0.069907
0 0.212370 0.693519 0.062240 0.060185
1 0.316406 0.659259 0.059896 0.053704
2 0.187891 0.510648 0.149219 0.068519
2 0.603776 0.827546 0.117448 0.110648
3 0.812500 0.677083 0.075000 0.089352
3 0.512760 0.704167 0.067708 0.071296
4 0.809635 0.138889 0.029687 0.021296
4 0.721354 0.612963 0.023958 0.032407
4 0.744141 0.609722 0.027865 0.029630
7 0.479948 0.154630 0.010417 0.025926
7 0.200000 0.195139 0.011979 0.026389
7 0.194271 0.809028 0.010417 0.018056
7 0.238672 0.821296 0.014323 0.019444
7 0.268880 0.805556 0.009635 0.021296
7 0.291667 0.818750 0.008854 0.024537
7 0.341146 0.847222 0.010417 0.019444
4 0.133333 0.612269 0.025521 0.024537
1 0.366016 0.331019 0.054948 0.043519
7 0.495573 0.156019 0.007292 0.018519
7 0.209375 0.181481 0.010937 0.015741
0 0.714974 0.975231 0.058594 0.049537
0 0.193935 0.282353 0.054270 0.043697
7 0.406624 0.881513 0.008779 0.021849
0 0.163607 0.734454 0.057462 0.047059
0 0.794892 0.349580 0.057462 0.043697
0 0.570630 0.335294 0.055866 0.045378
0 0.612131 0.245378 0.047885 0.043697
1 0.936951 0.302521 0.068635 0.053782
3 0.737430 0.548739 0.097366 0.105882
