0 0.792498 0.649593 0.060654 0.073171
0 0.857941 0.699187 0.055866 0.068293
0 0.922187 0.691057 0.058260 0.071545
0 0.928970 0.761789 0.055866 0.073171
1 0.762171 0.565854 0.068635 0.078049
1 0.703512 0.591870 0.067837 0.081301
6 0.434956 0.300000 0.028731 0.063415
7 0.245411 0.785366 0.015164 0.022764
7 0.407422 0.880488 0.008779 0.024390
7 0.713887 0.179675 0.013567 0.021138
5 0.712291 0.492683 0.023144 0.026016
2 0.054270 0.500000 0.106943 0.066667
7 0.729848 0.203361 0.011971 0.020168
7 0.468476 0.140336 0.012769 0.021849
7 0.472067 0.109244 0.008779 0.020168
7 0.343974 0.835294 0.009577 0.020168
0 0.923384 0.290756 0.054270 0.047059
0 0.817638 0.295798 0.051875 0.043697
0 0.608140 0.246218 0.046289 0.042017
0 0.445331 0.809244 0.055866 0.052101
0 0.301277 0.640336 0.053472 0.047059
0 0.207103 0.519328 0.058260 0.047059
4 0.801277 0.142017 0.028731 0.021849
