0 0.940495 0.700000 0.053385 0.066667
1 0.764974 0.569907 0.078906 0.086111
1 0.872005 0.710648 0.072656 0.084259
4 0.807292 0.141435 0.028125 0.026389
6 0.148047 0.953472 0.042448 0.056944
6 0.393750 0.675463 0.037500 0.040741
7 0.341536 0.841435 0.011198 0.018056
7 0.479948 0.126852 0.010417 0.019444
7 0.478385 0.148843 0.010417 0.018056
7 0.476042 0.167593 0.010417 0.019444
7 0.492318 0.156944 0.009635 0.011111
2 0.958073 0.792361 0.083854 0.126389
0 0.610535 0.244538 0.046289 0.045378
0 0.790902 0.378992 0.057462 0.045378
0 0.883480 0.290756 0.057462 0.047059
0 0.955706 0.297479 0.061453 0.047059
0 0.960894 0.378151 0.052674 0.047059
0 0.787709 0.658824 0.057462 0.070588
0 0.693536 0.578151 0.057462 0.070588
0 0.510375 0.831933 0.055068 0.053782
0 0.444932 0.815966 0.055068 0.052101
0 0.268955 0.489076 0.051077 0.050420
0 0.131285 0.489916 0.053472 0.042017
0 0.095371 0.612605 0.056664 0.042017
1 0.560654 0.421849 0.063049 0.053782
7 0.405427 0.887395 0.009577 0.023529
6 0.608140 0.800000 0.035116 0.047059
7 0.215084 0.201681 0.011971 0.020168
7 0.640862 0.143697 0.012769 0.018487
