1 0.855946 0.650407 0.074222 0.087805
3 0.187550 0.404878 0.070231 0.055285
4 0.207901 0.481301 0.031125 0.022764
4 0.163607 0.482927 0.028731 0.019512
5 0.507582 0.526016 0.022346 0.024390
7 0.447725 0.034959 0.007981 0.017886
7 0.400638 0.914634 0.011173 0.021138
7 0.120112 0.200813 0.015164 0.017886
7 0.112929 0.220325 0.015164 0.014634
7 0.009976 0.229268 0.016760 0.019512
7 0.157223 0.454472 0.012769 0.021138
0 0.268955 0.517073 0.057462 0.042276
0 0.029529 0.314634 0.057462 0.053659
0 0.200319 0.317886 0.055866 0.047154
0 0.466480 0.423577 0.059856 0.060163
0 0.609338 0.465041 0.053472 0.061789
0 0.614924 0.254472 0.050279 0.043902
0 0.709896 0.256911 0.055068 0.042276
0 0.858739 0.320325 0.052674 0.045528
0 0.976457 0.315447 0.045491 0.045528
0 0.465283 0.731707 0.057462 0.058537
6 0.915403 0.304878 0.044693 0.037398
7 0.408220 0.899187 0.007183 0.019512
0 0.357488 0.344454 0.057093 0.056714
4 0.816840 0.147899 0.026337 0.016807
