0 0.710694 0.252033 0.051875 0.042276
0 0.838787 0.313821 0.062251 0.048780
0 0.883480 0.749593 0.060654 0.074797
0 0.473663 0.784553 0.056664 0.060163
0 0.442937 0.832520 0.059058 0.058537
0 0.128492 0.351220 0.059058 0.052033
6 0.135275 0.275610 0.039106 0.040650
6 0.243416 0.489431 0.038308 0.042276
7 0.825619 0.209756 0.010375 0.019512
7 0.448524 0.046341 0.009577 0.021138
7 0.112530 0.224390 0.017558 0.019512
7 0.412211 0.882927 0.008779 0.022764
7 0.401437 0.893496 0.007981 0.021138
4 0.760974 0.317886 0.029529 0.021138
4 0.815642 0.145528 0.027135 0.021138
7 0.803671 0.209756 0.014366 0.019512
1 0.808061 0.678151 0.067837 0.082353
0 0.727454 0.620168 0.058260 0.070588
0 0.910615 0.306723 0.060654 0.045378
0 0.613328 0.250420 0.047087 0.047059
0 0.254988 0.647059 0.051875 0.047059
