0 0.387500 0.810648 0.054688 0.056481
0 0.616536 0.254398 0.049219 0.043056
0 0.779036 0.665046 0.060156 0.071759
0 0.887630 0.754630 0.053385 0.063889
7 0.054688 0.221991 0.010417 0.018056
7 0.193880 0.221991 0.014323 0.020833
7 0.125000 0.219676 0.015104 0.016204
7 0.119271 0.242130 0.015104 0.019444
7 0.698698 0.191898 0.010417 0.016204
7 0.407422 0.637269 0.007031 0.016204
4 0.818359 0.151389 0.027865 0.019444
4 0.833203 0.712963 0.027344 0.034259
5 0.123307 0.524537 0.024740 0.021296
2 0.128385 0.304861 0.124479 0.080093
1 0.898177 0.690046 0.064583 0.076389
0 0.900638 0.320168 0.050279 0.045378
0 0.730646 0.552101 0.051875 0.062185
0 0.711093 0.257983 0.052674 0.042017
7 0.403033 0.924370 0.009577 0.023529
0 0.968875 0.756303 0.059058 0.077311
1 0.968875 0.831092 0.059058 0.082353
