4 0.069832 0.491870 0.031125 0.027642
4 0.804469 0.142276 0.028731 0.024390
1 0.925778 0.764228 0.071828 0.081301
5 0.912610 0.668293 0.024741 0.026016
7 0.466480 0.116260 0.010375 0.017886
7 0.464485 0.137398 0.007981 0.021138
7 0.343575 0.837398 0.010375 0.019512
7 0.407422 0.879675 0.008779 0.022764
7 0.299681 0.969748 0.011971 0.023529
7 0.476856 0.121008 0.008779 0.023529
6 0.756584 0.336975 0.036712 0.035294
2 0.251796 0.505042 0.133280 0.062185
0 0.923384 0.289916 0.054270 0.045378
0 0.818835 0.295798 0.052674 0.043697
0 0.607342 0.246218 0.044693 0.045378
0 0.445730 0.809244 0.056664 0.052101
0 0.116520 0.495798 0.047885 0.040336
