7 0.193099 0.810648 0.008073 0.021296
7 0.268880 0.804167 0.011198 0.021296
7 0.291276 0.820370 0.009635 0.021296
7 0.406641 0.879630 0.010156 0.025926
7 0.730208 0.990046 0.019271 0.016204
4 0.722266 0.612269 0.022135 0.024537
4 0.810547 0.138194 0.026302 0.019907
0 0.933333 0.307407 0.058333 0.045370
0 0.839583 0.312963 0.058854 0.047222
7 0.480339 0.153704 0.011198 0.021296
7 0.492839 0.159491 0.008594 0.016204
0 0.193136 0.282353 0.057462 0.043697
7 0.340782 0.846218 0.009577 0.018487
0 0.162011 0.735294 0.055866 0.052101
0 0.611732 0.247059 0.047087 0.043697
1 0.725459 0.246218 0.059058 0.042017
3 0.737031 0.551261 0.096568 0.104202
