5 0.841979 0.604878 0.025539 0.029268
4 0.894254 0.704878 0.029529 0.030894
4 0.948923 0.800000 0.036712 0.042276
4 0.814445 0.144715 0.029529 0.019512
4 0.270950 0.488618 0.031125 0.024390
0 0.612929 0.248780 0.049481 0.048780
0 0.865523 0.322764 0.064645 0.050407
0 0.697925 0.598374 0.058260 0.074797
0 0.766959 0.647154 0.059058 0.074797
0 0.841181 0.708943 0.046289 0.061789
0 0.850359 0.656911 0.055068 0.071545
0 0.966081 0.736585 0.059856 0.071545
0 0.899042 0.753659 0.058260 0.063415
0 0.441341 0.828455 0.059058 0.060163
0 0.078611 0.503252 0.059856 0.047154
0 0.146049 0.398374 0.060654 0.052033
1 0.410615 0.391057 0.056664 0.047154
1 0.749002 0.565041 0.136472 0.138211
2 0.800080 0.919512 0.125299 0.121951
3 0.168396 0.506504 0.076616 0.053659
1 0.728252 0.249593 0.061453 0.043902
7 0.437749 0.643902 0.008779 0.019512
7 0.275339 0.850407 0.009577 0.016260
7 0.288508 0.828455 0.010375 0.017886
7 0.266959 0.813821 0.011971 0.017886
7 0.409018 0.881301 0.008779 0.022764
7 0.399441 0.880488 0.007183 0.024390
7 0.485068 0.143453 0.007466 0.015013
