7 0.482043 0.153659 0.007981 0.017886
7 0.184757 0.814634 0.010375 0.019512
7 0.266161 0.808130 0.011971 0.016260
7 0.288907 0.830081 0.009577 0.017886
7 0.399441 0.885366 0.008779 0.017886
7 0.368316 0.988618 0.008779 0.016260
4 0.270152 0.487805 0.026337 0.022764
4 0.038707 0.327642 0.026337 0.017886
4 0.814046 0.142276 0.027135 0.024390
0 0.907023 0.304878 0.055068 0.047154
0 0.740623 0.590244 0.059058 0.071545
0 0.543496 0.392683 0.054270 0.073171
0 0.235036 0.376423 0.061453 0.050407
0 0.120511 0.346341 0.057462 0.052033
0 0.088188 0.502439 0.061453 0.048780
1 0.727454 0.249593 0.059856 0.050407
0 0.024374 0.486239 0.046992 0.040033
0 0.826816 0.319328 0.060654 0.050420
7 0.009577 0.201681 0.019154 0.020168
4 0.761373 0.288235 0.027135 0.025210
0 0.612530 0.247059 0.048683 0.043697
3 0.167598 0.505882 0.075020 0.047059
3 0.366321 0.316807 0.044693 0.058824
