0 0.445730 0.815447 0.058260 0.056911
0 0.509577 0.831707 0.056664 0.060163
0 0.915403 0.374797 0.054270 0.053659
1 0.733440 0.613008 0.070231 0.084553
4 0.729449 0.544715 0.031923 0.035772
4 0.807263 0.142276 0.032721 0.017886
0 0.801676 0.596748 0.055068 0.065041
6 0.193935 0.504065 0.038308 0.039024
4 0.062650 0.531707 0.029529 0.022764
7 0.045092 0.956098 0.018356 0.022764
7 0.480048 0.133333 0.010375 0.022764
7 0.478851 0.152846 0.011173 0.022764
0 0.609737 0.245378 0.046289 0.047059
0 0.760176 0.303361 0.048683 0.045378
0 0.853951 0.284034 0.060654 0.047059
0 0.644054 0.404202 0.051077 0.045378
0 0.278532 0.498319 0.060654 0.072269
0 0.116520 0.505042 0.055866 0.042017
7 0.341181 0.839496 0.010375 0.021849
7 0.065044 0.210924 0.015164 0.021849
7 0.407821 0.886555 0.012769 0.018487
7 0.105746 0.452101 0.021548 0.020168
0 0.979250 0.284874 0.038308 0.045378
4 0.920591 0.300840 0.034318 0.026891
