7 0.660415 0.173984 0.011971 0.022764
7 0.835196 0.178049 0.013567 0.017886
7 0.408619 0.877236 0.007981 0.024390
7 0.401038 0.886992 0.007183 0.021138
7 0.294892 0.825203 0.010375 0.021138
7 0.098164 0.217073 0.019154 0.021138
4 0.339186 0.729268 0.025539 0.024390
4 0.815243 0.143089 0.029529 0.019512
0 0.914206 0.313821 0.055068 0.048780
0 0.824421 0.321951 0.047885 0.042276
0 0.465283 0.720325 0.055866 0.058537
0 0.441740 0.829268 0.059856 0.058537
0 0.208699 0.500813 0.058260 0.048780
0 0.103751 0.498374 0.059058 0.050407
0 0.031125 0.510569 0.059058 0.048780
1 0.747406 0.336585 0.072626 0.052033
7 0.484836 0.144538 0.008779 0.023529
1 0.729848 0.248739 0.058260 0.043697
0 0.613727 0.248739 0.047885 0.043697
0 0.888268 0.903361 0.054270 0.048739
