0 0.097765 0.399187 0.056664 0.043902
0 0.393855 0.354472 0.048683 0.048780
0 0.505188 0.464228 0.057462 0.060163
0 0.605746 0.530894 0.051077 0.066667
0 0.709497 0.254472 0.054270 0.047154
0 0.838787 0.312195 0.059058 0.048780
0 0.911413 0.304878 0.063847 0.050407
0 0.442538 0.834146 0.058260 0.058537
0 0.826417 0.702439 0.056664 0.071545
1 0.938148 0.722764 0.064645 0.076423
1 0.583001 0.439024 0.082203 0.087805
1 0.090583 0.500000 0.071030 0.047154
1 0.202713 0.393496 0.071828 0.055285
3 0.717079 0.547154 0.075818 0.089431
3 0.213089 0.515447 0.076616 0.055285
4 0.816441 0.143902 0.030327 0.021138
4 0.762171 0.317886 0.031923 0.024390
4 0.937749 0.914634 0.025539 0.030894
4 0.266959 0.469919 0.027933 0.026016
4 0.091381 0.663415 0.031125 0.022764
7 0.406225 0.885366 0.009577 0.024390
7 0.110136 0.226016 0.017558 0.022764
7 0.130487 0.220325 0.011971 0.014634
6 0.031125 0.491597 0.043097 0.035294
0 0.613727 0.250420 0.047885 0.047059
0 0.323224 0.421008 0.059058 0.045378
1 0.139665 0.320168 0.057462 0.045378
3 0.240223 0.328571 0.060654 0.052101
2 0.035914 0.292437 0.071828 0.077311
