7 0.921745 0.199306 0.019010 0.018056
7 0.409505 0.892593 0.011198 0.025926
7 0.038281 0.238194 0.017708 0.014352
7 0.110937 0.228472 0.014583 0.018056
6 0.918229 0.303241 0.043750 0.037037
3 0.795964 0.678704 0.074219 0.086111
0 0.976432 0.959259 0.044010 0.062037
0 0.758464 0.403241 0.050260 0.049074
0 0.971224 0.389352 0.054427 0.047222
0 0.977214 0.311574 0.045573 0.044444
0 0.711979 0.251852 0.053646 0.042593
0 0.615755 0.249537 0.050260 0.047222
0 0.070182 0.600000 0.057552 0.049074
1 0.466536 0.452778 0.080469 0.079630
1 0.766536 0.576389 0.071094 0.079630
2 0.893099 0.675463 0.153385 0.161111
7 0.738932 0.173843 0.011198 0.016204
1 0.206250 0.692593 0.056771 0.055556
6 0.377865 0.166898 0.023438 0.055093
7 0.450519 0.874790 0.010375 0.021849
0 0.860734 0.316807 0.048683 0.045378
4 0.818037 0.145378 0.028731 0.018487
1 0.913009 0.773109 0.075020 0.087395
