0 0.789323 0.583102 0.058854 0.076389
0 0.691536 0.578935 0.058073 0.068056
0 0.766927 0.639120 0.055729 0.071759
0 0.444922 0.819444 0.056510 0.058333
0 0.510417 0.834028 0.056771 0.055093
1 0.959766 0.900926 0.069531 0.064815
2 0.828906 0.295833 0.136458 0.087963
3 0.919792 0.691898 0.103125 0.108796
4 0.811719 0.682870 0.025521 0.038889
4 0.806901 0.139815 0.028906 0.023148
4 0.094661 0.339815 0.026302 0.019444
4 0.262109 0.376389 0.023177 0.024074
6 0.213151 0.315509 0.038281 0.045833
6 0.212760 0.518750 0.039062 0.039352
6 0.843229 0.642361 0.039062 0.052315
7 0.480859 0.127546 0.010156 0.018056
7 0.479167 0.152083 0.010417 0.018056
7 0.494401 0.159491 0.013802 0.016204
7 0.429688 0.171528 0.011979 0.018056
7 0.193880 0.808796 0.009635 0.021296
7 0.259766 0.796065 0.015365 0.018056
7 0.339583 0.840741 0.008854 0.019444
7 0.403776 0.878935 0.006510 0.020833
7 0.568229 0.834954 0.010937 0.020833
0 0.610136 0.246218 0.047087 0.042017
