7 0.842378 0.585366 0.013567 0.022764
7 0.480048 0.124390 0.010375 0.017886
7 0.494014 0.156098 0.009577 0.019512
7 0.135275 0.200000 0.015164 0.019512
7 0.270551 0.797561 0.012769 0.021138
7 0.342378 0.843089 0.009577 0.021138
7 0.408619 0.876423 0.009577 0.029268
6 0.846369 0.640650 0.039106 0.052033
4 0.736632 0.393496 0.025539 0.026016
4 0.808859 0.138211 0.027933 0.022764
4 0.757781 0.916260 0.024741 0.027642
2 0.928970 0.376423 0.137271 0.066667
2 0.634876 0.837398 0.118915 0.130081
0 0.850758 0.707317 0.055866 0.068293
0 0.702314 0.584553 0.059058 0.076423
0 0.790503 0.584553 0.058260 0.076423
0 0.596568 0.417886 0.051875 0.048780
0 0.380287 0.384553 0.050279 0.089431
0 0.444932 0.816260 0.059856 0.055285
0 0.511572 0.834146 0.057462 0.058537
4 0.767757 0.296748 0.023943 0.024390
6 0.719473 0.301681 0.040702 0.042017
0 0.237829 0.636134 0.057462 0.052101
0 0.209896 0.500840 0.059058 0.043697
0 0.611333 0.245378 0.046289 0.040336
7 0.195531 0.808403 0.009577 0.020168
0 0.035914 0.491597 0.060654 0.042017
7 0.481644 0.150420 0.010375 0.018487
