7 0.345964 0.834954 0.010156 0.018056
7 0.248698 0.786806 0.013542 0.016204
7 0.409896 0.877083 0.010417 0.024537
7 0.471745 0.147222 0.012760 0.021296
7 0.936979 0.176389 0.020833 0.021296
6 0.161328 0.488657 0.038281 0.033796
5 0.711979 0.491898 0.027083 0.033796
4 0.790495 0.314583 0.032552 0.027315
2 0.935026 0.702315 0.123698 0.152778
1 0.762109 0.565046 0.063802 0.076389
0 0.520312 0.328472 0.052604 0.048611
0 0.832031 0.620139 0.058333 0.069907
0 0.790104 0.653704 0.055729 0.075000
0 0.857161 0.702546 0.052865 0.068056
0 0.927083 0.763426 0.059896 0.076852
0 0.681564 0.312605 0.049481 0.043697
0 0.608140 0.248739 0.046289 0.043697
0 0.879489 0.288235 0.047885 0.038655
0 0.980846 0.810084 0.035116 0.063866
0 0.447326 0.808403 0.056664 0.053782
1 0.704310 0.590756 0.064645 0.078992
2 0.890662 0.379832 0.116520 0.070588
2 0.292498 0.719328 0.126895 0.090756
3 0.220670 0.507563 0.072626 0.043697
4 0.800479 0.144538 0.028731 0.016807
1 0.144453 0.605042 0.067039 0.050420
