0 0.612530 0.247154 0.050279 0.045528
0 0.531125 0.365854 0.061453 0.058537
0 0.213488 0.506504 0.064645 0.053659
0 0.751397 0.316260 0.051875 0.050407
0 0.770950 0.578049 0.062251 0.069919
0 0.843575 0.639837 0.060654 0.073171
0 0.920990 0.708943 0.063847 0.074797
0 0.796089 0.674797 0.056664 0.074797
1 0.726257 0.249593 0.062251 0.047154
3 0.884278 0.381301 0.081405 0.053659
3 0.713887 0.602439 0.074222 0.089431
3 0.072227 0.278049 0.075818 0.055285
4 0.838787 0.713821 0.033520 0.039024
4 0.811652 0.144715 0.028731 0.022764
4 0.450918 0.303252 0.025539 0.024390
7 0.203512 0.208943 0.012769 0.017886
7 0.480048 0.156098 0.010375 0.026016
7 0.501197 0.164228 0.007981 0.022764
7 0.719074 0.186179 0.014366 0.024390
7 0.184757 0.810569 0.008779 0.014634
7 0.265762 0.808130 0.012769 0.019512
7 0.287709 0.828455 0.010375 0.017886
7 0.333998 0.852033 0.008779 0.019512
7 0.401038 0.886179 0.010375 0.022764
4 0.146049 0.613821 0.031923 0.021138
7 0.968476 0.688618 0.015164 0.021138
7 0.640097 0.141368 0.008344 0.015847
7 0.206305 0.242857 0.011971 0.025210
