7 0.071828 0.208130 0.014366 0.019512
7 0.160016 0.238211 0.018356 0.021138
7 0.480447 0.130894 0.009577 0.017886
7 0.473663 0.158537 0.008779 0.017886
7 0.491620 0.156098 0.011173 0.019512
7 0.339984 0.841463 0.011173 0.021138
7 0.405826 0.884553 0.010375 0.022764
6 0.145650 0.501626 0.040702 0.037398
6 0.650439 0.468293 0.038308 0.048780
4 0.971269 0.296748 0.035116 0.030894
4 0.806065 0.139024 0.030327 0.021138
3 0.910615 0.753659 0.079808 0.092683
3 0.209098 0.504065 0.075020 0.055285
2 0.113727 0.385366 0.147646 0.084553
1 0.552275 0.473171 0.065443 0.071545
0 0.700718 0.589431 0.055866 0.073171
0 0.877095 0.663415 0.055866 0.071545
0 0.084597 0.492683 0.057462 0.045528
0 0.863927 0.281513 0.059856 0.052101
0 0.778532 0.300840 0.047087 0.040336
0 0.610136 0.243697 0.047087 0.043697
0 0.427374 0.360504 0.056664 0.055462
0 0.193935 0.320168 0.049481 0.048739
1 0.322426 0.405882 0.059058 0.048739
0 0.443735 0.817647 0.057462 0.052101
0 0.509577 0.832773 0.056664 0.052101
