5 0.711492 0.491870 0.029529 0.034146
7 0.343974 0.838211 0.009577 0.017886
7 0.407023 0.878049 0.007981 0.026016
1 0.763767 0.566667 0.068635 0.079675
1 0.704709 0.595122 0.070231 0.081301
7 0.789705 0.194309 0.015164 0.021138
7 0.472466 0.147967 0.011173 0.022764
7 0.493216 0.158537 0.011173 0.017886
0 0.792498 0.650407 0.059058 0.074797
0 0.832801 0.621951 0.063049 0.076423
0 0.859138 0.704878 0.058260 0.073171
0 0.855148 0.857724 0.058260 0.069919
0 0.929769 0.763415 0.060654 0.073171
0 0.290902 0.378862 0.035914 0.097561
0 0.925379 0.287395 0.053472 0.040336
0 0.820032 0.297479 0.050279 0.047059
0 0.607741 0.247059 0.047087 0.043697
0 0.445730 0.810924 0.056664 0.055462
0 0.371907 0.731092 0.047885 0.047059
0 0.982043 0.809244 0.032721 0.058824
4 0.802075 0.140336 0.028731 0.021849
2 0.254988 0.510084 0.125299 0.065546
6 0.452514 0.073109 0.017558 0.062185
7 0.246209 0.784874 0.011971 0.020168
7 0.675180 0.178151 0.011173 0.020168
1 0.418196 0.688235 0.062251 0.058824
