7 0.106544 0.889431 0.019952 0.019512
7 0.339186 0.839837 0.012769 0.024390
7 0.408619 0.880488 0.009577 0.017886
7 0.480048 0.132520 0.010375 0.024390
7 0.477654 0.155285 0.011971 0.027642
6 0.273743 0.497561 0.038308 0.035772
4 0.729449 0.543902 0.027135 0.037398
4 0.803272 0.143089 0.031125 0.022764
4 0.458899 0.108130 0.011173 0.053659
3 0.469274 0.765041 0.070231 0.066667
3 0.150439 0.608130 0.072626 0.055285
1 0.252195 0.691870 0.073424 0.056911
1 0.734238 0.611382 0.067039 0.078049
0 0.671588 0.832520 0.056664 0.058537
0 0.795690 0.591057 0.054270 0.066667
0 0.827215 0.689431 0.055068 0.071545
0 0.875100 0.656098 0.061453 0.079675
0 0.947326 0.709756 0.057462 0.073171
0 0.915802 0.763415 0.058260 0.069919
0 0.140463 0.503252 0.059058 0.050407
0 0.205507 0.511382 0.061453 0.050407
0 0.063448 0.501626 0.053472 0.037398
0 0.608540 0.246218 0.047087 0.042017
0 0.508779 0.830252 0.053472 0.050420
0 0.443735 0.814286 0.057462 0.052101
5 0.464884 0.653782 0.024741 0.020168
