1 0.764565 0.574797 0.138867 0.141463
1 0.728252 0.250407 0.059856 0.048780
0 0.611732 0.248780 0.050279 0.045528
0 0.676776 0.320325 0.062251 0.045528
0 0.381484 0.340650 0.055866 0.050407
0 0.697127 0.599187 0.059856 0.076423
0 0.766959 0.646341 0.060654 0.073171
0 0.855547 0.660976 0.052674 0.076423
0 0.841181 0.708130 0.047885 0.063415
0 0.915403 0.768293 0.060654 0.073171
0 0.965682 0.738211 0.062251 0.081301
4 0.894254 0.705691 0.029529 0.035772
4 0.815243 0.144715 0.029529 0.019512
3 0.167598 0.508130 0.076616 0.050407
2 0.940942 0.304878 0.114924 0.073171
2 0.245012 0.731707 0.129290 0.087805
7 0.138867 0.779675 0.011173 0.014634
7 0.267358 0.814634 0.009577 0.019512
7 0.288109 0.838211 0.009577 0.017886
7 0.400638 0.879675 0.007981 0.019512
7 0.410615 0.882927 0.007183 0.026016
7 0.464086 0.658537 0.010375 0.013008
7 0.059457 0.232520 0.023144 0.026016
2 0.065217 0.320684 0.129556 0.072560
7 0.484848 0.145955 0.008783 0.018349
0 0.440942 0.828571 0.059856 0.057143
5 0.841979 0.606723 0.025539 0.033613
