0 0.911413 0.305691 0.062251 0.048780
0 0.838388 0.312195 0.061453 0.048780
0 0.711093 0.253659 0.051077 0.045528
0 0.913009 0.770732 0.052674 0.068293
0 0.810056 0.683740 0.060654 0.076423
0 0.646848 0.559350 0.061453 0.074797
0 0.635674 0.471545 0.048683 0.058537
0 0.422187 0.439837 0.055866 0.053659
1 0.849960 0.638211 0.092578 0.099187
1 0.276137 0.400000 0.119713 0.074797
1 0.528731 0.465854 0.067837 0.066667
3 0.420192 0.363415 0.071030 0.069919
3 0.208699 0.513821 0.077414 0.052033
3 0.966879 0.754472 0.063049 0.094309
4 0.416600 0.688618 0.025539 0.024390
4 0.816042 0.144715 0.029529 0.019512
4 0.761373 0.318699 0.030327 0.022764
4 0.266959 0.469106 0.029529 0.027642
7 0.130487 0.217886 0.013567 0.019512
7 0.111732 0.230894 0.017558 0.022764
7 0.406225 0.886179 0.009577 0.029268
6 0.030962 0.492077 0.043478 0.031693
0 0.613727 0.249580 0.046289 0.045378
2 0.035914 0.290756 0.071828 0.073950
0 0.441740 0.831092 0.058260 0.055462
1 0.090583 0.498319 0.069433 0.048739
1 0.158819 0.324370 0.055866 0.047059
