3 0.695833 0.360880 0.075000 0.061574
7 0.737370 0.222685 0.014323 0.019444
7 0.619792 0.165972 0.010417 0.022685
7 0.498437 0.159491 0.008854 0.016204
7 0.485677 0.157639 0.010417 0.016204
7 0.188802 0.249537 0.010417 0.014815
7 0.200000 0.305556 0.011979 0.019444
7 0.167969 0.454398 0.013542 0.014352
7 0.193880 0.813194 0.012760 0.016204
7 0.269271 0.803241 0.010417 0.016667
7 0.292448 0.821296 0.010417 0.019444
7 0.340755 0.847917 0.011198 0.024537
7 0.405729 0.882870 0.010417 0.025926
6 0.612500 0.309722 0.035937 0.043519
4 0.812500 0.143056 0.028646 0.019444
4 0.726302 0.534954 0.028646 0.032870
4 0.710807 0.593519 0.023177 0.032407
4 0.184375 0.360185 0.027083 0.024074
4 0.442448 0.061806 0.015104 0.042130
1 0.848698 0.316204 0.063021 0.053704
1 0.728385 0.251852 0.059896 0.049074
1 0.098958 0.951852 0.052604 0.092593
0 0.193880 0.284491 0.057031 0.043981
0 0.131250 0.503935 0.053646 0.042130
0 0.178776 0.656019 0.054427 0.060185
0 0.474479 0.751852 0.058333 0.066667
0 0.782161 0.585417 0.055990 0.065278
0 0.768620 0.644907 0.057552 0.073148
0 0.839974 0.704167 0.056510 0.071296
0 0.912630 0.756019 0.056510 0.071296
0 0.897396 0.887731 0.055208 0.061574
0 0.973698 0.811343 0.046354 0.078241
0 0.915885 0.390278 0.063021 0.049074
5 0.227344 0.483333 0.017188 0.017593
7 0.239583 0.466204 0.009896 0.014815
7 0.211492 0.244538 0.011173 0.025210
0 0.612929 0.247899 0.049481 0.042017
1 0.966081 0.300000 0.061453 0.048739
