7 0.409018 0.163415 0.008779 0.017886
7 0.663208 0.147967 0.011173 0.026016
7 0.822027 0.207317 0.017558 0.017886
7 0.011173 0.230894 0.014366 0.013008
0 0.109338 0.508943 0.060654 0.045528
0 0.614126 0.252033 0.048683 0.042276
0 0.711492 0.255285 0.051875 0.045528
0 0.859936 0.319512 0.051875 0.043902
0 0.976856 0.312195 0.043097 0.042276
1 0.636073 0.419512 0.063847 0.055285
1 0.765762 0.575610 0.069433 0.081301
1 0.912610 0.775610 0.075818 0.084553
2 0.892658 0.675610 0.154030 0.160976
2 0.387470 0.791870 0.144453 0.117073
3 0.794493 0.680488 0.074222 0.082927
6 0.917398 0.304065 0.040702 0.039024
4 0.818037 0.145528 0.028731 0.017886
7 0.113727 0.217647 0.011971 0.018487
7 0.403831 0.890756 0.012769 0.023529
7 0.568635 0.952101 0.008779 0.021849
