7 0.340782 0.839024 0.011173 0.019512
7 0.406225 0.885366 0.009577 0.027642
7 0.156026 0.229268 0.019952 0.019512
7 0.479649 0.126829 0.009577 0.016260
7 0.478452 0.151220 0.011971 0.019512
7 0.496808 0.154472 0.011971 0.016260
7 0.643256 0.139024 0.012769 0.017886
4 0.806864 0.138211 0.031923 0.019512
3 0.293695 0.747967 0.073424 0.058537
1 0.936153 0.695935 0.092578 0.100813
1 0.871109 0.710569 0.071030 0.087805
0 0.693935 0.575610 0.059856 0.074797
0 0.610136 0.244538 0.047087 0.042017
0 0.881484 0.292437 0.059856 0.047059
0 0.955307 0.296639 0.060654 0.045378
0 0.523943 0.434454 0.050279 0.048739
0 0.787310 0.654622 0.056664 0.068908
0 0.366720 0.695798 0.047087 0.047059
0 0.444932 0.812605 0.055068 0.052101
0 0.509976 0.831933 0.055866 0.053782
1 0.804868 0.393277 0.090184 0.060504
1 0.171987 0.507563 0.058260 0.040336
