0 0.709896 0.252033 0.053472 0.048780
0 0.330407 0.743902 0.059058 0.060163
0 0.721468 0.946341 0.055866 0.071545
1 0.090583 0.500000 0.069433 0.043902
1 0.764565 0.575610 0.071828 0.081301
1 0.908220 0.769106 0.071828 0.084553
2 0.719473 0.885366 0.123703 0.118699
2 0.891860 0.673984 0.152434 0.164228
3 0.783719 0.670732 0.075020 0.086179
3 0.972865 0.823577 0.051077 0.079675
4 0.268955 0.470732 0.028731 0.030894
7 0.897845 0.169106 0.017558 0.016260
7 0.733041 0.209756 0.011971 0.019512
7 0.019952 0.782114 0.019154 0.019512
7 0.408220 0.886992 0.011971 0.034146
7 0.092179 0.233333 0.010375 0.017886
7 0.106145 0.230894 0.015962 0.022764
0 0.614126 0.249580 0.048683 0.045378
7 0.707901 0.271429 0.012769 0.021849
3 0.207502 0.515126 0.078212 0.045378
4 0.816840 0.145378 0.029529 0.018487
