0 0.086193 0.489431 0.055866 0.045528
0 0.309258 0.408130 0.055068 0.052033
6 0.148045 0.502439 0.040702 0.035772
4 0.488029 0.759350 0.026337 0.029268
7 0.478851 0.132520 0.011173 0.021138
7 0.473663 0.153659 0.008779 0.024390
7 0.488029 0.151220 0.013567 0.019512
7 0.161612 0.238211 0.015164 0.024390
7 0.063049 0.208943 0.014366 0.017886
7 0.341181 0.840650 0.011971 0.019512
0 0.863927 0.280672 0.058260 0.047059
0 0.777733 0.301681 0.048683 0.042017
0 0.609737 0.244538 0.046289 0.042017
0 0.520351 0.407563 0.052674 0.055462
0 0.365523 0.336134 0.047885 0.043697
0 0.183958 0.390756 0.056664 0.045378
0 0.088986 0.306723 0.051875 0.042017
0 0.509178 0.830252 0.055866 0.053782
0 0.444932 0.814286 0.056664 0.055462
0 0.258180 0.641176 0.056664 0.048739
0 0.120112 0.673109 0.053472 0.048739
5 0.021149 0.526891 0.019952 0.021849
3 0.249401 0.503361 0.074222 0.045378
4 0.804469 0.138655 0.027135 0.021849
4 0.920990 0.300840 0.033520 0.026891
7 0.406225 0.885714 0.009577 0.016807
