0 0.766927 0.564120 0.057292 0.068056
0 0.609375 0.442361 0.059896 0.068056
0 0.054297 0.494213 0.062240 0.042130
3 0.412240 0.359259 0.091667 0.077778
4 0.299219 0.422917 0.025521 0.029167
4 0.854427 0.636574 0.037500 0.037037
4 0.806510 0.138194 0.031250 0.026389
6 0.213151 0.318750 0.038281 0.039352
6 0.234635 0.516435 0.041667 0.043981
7 0.409896 0.887037 0.011979 0.021296
7 0.341146 0.843750 0.011979 0.022685
7 0.190365 0.789352 0.013542 0.017593
7 0.220312 0.782870 0.017708 0.021296
7 0.074219 0.768287 0.016146 0.020833
7 0.873828 0.174769 0.015885 0.020833
7 0.845182 0.204861 0.012760 0.022685
7 0.726172 0.190972 0.015885 0.024537
7 0.479167 0.148843 0.015104 0.024537
7 0.494922 0.154398 0.011198 0.022685
7 0.207422 0.190972 0.014323 0.018056
3 0.097366 0.396639 0.071828 0.053782
0 0.610136 0.242857 0.047087 0.045378
0 0.453711 0.726050 0.056664 0.053782
0 0.509976 0.832773 0.055866 0.055462
0 0.444932 0.815966 0.056664 0.055462
1 0.150439 0.496639 0.088587 0.052101
7 0.642857 0.143697 0.010375 0.021849
0 0.551077 0.481513 0.058260 0.065546
