0 0.139714 0.504861 0.059115 0.046759
0 0.205078 0.508796 0.060677 0.045370
0 0.795312 0.589583 0.055208 0.069907
0 0.822005 0.690046 0.054427 0.076389
0 0.875521 0.654398 0.055729 0.076389
0 0.945312 0.705787 0.061458 0.068056
0 0.916667 0.760185 0.059896 0.066667
1 0.732682 0.612963 0.068490 0.084259
3 0.666797 0.773380 0.069531 0.076389
4 0.729036 0.541435 0.034115 0.032870
4 0.804427 0.143981 0.031771 0.017593
7 0.477214 0.154398 0.011198 0.022685
7 0.124479 0.979630 0.019271 0.034259
7 0.339974 0.839815 0.008073 0.021296
0 0.607342 0.245378 0.047885 0.043697
0 0.509577 0.831092 0.055068 0.052101
0 0.443336 0.813445 0.056664 0.057143
1 0.719872 0.851261 0.067039 0.068908
5 0.627694 0.710084 0.023144 0.021849
6 0.274541 0.495798 0.036712 0.030252
7 0.405427 0.884034 0.009577 0.026891
7 0.478452 0.131092 0.010375 0.023529
0 0.064246 0.503361 0.048683 0.042017
