7 0.614062 0.148148 0.010417 0.019444
7 0.483724 0.160185 0.009635 0.021296
7 0.725391 0.225231 0.009635 0.011574
7 0.195443 0.230787 0.011198 0.022685
7 0.186458 0.259259 0.013542 0.014815
7 0.212760 0.249537 0.015104 0.014815
7 0.168359 0.452778 0.011198 0.014815
7 0.208203 0.516898 0.009635 0.016204
7 0.193490 0.811574 0.013542 0.019444
7 0.269661 0.801620 0.011198 0.016204
7 0.292839 0.823611 0.011198 0.017593
7 0.339974 0.847917 0.011198 0.020833
7 0.405729 0.885417 0.010417 0.031019
4 0.141276 0.663426 0.028906 0.025926
4 0.709896 0.589583 0.029687 0.037500
4 0.725911 0.533333 0.026302 0.029630
4 0.812109 0.140509 0.029427 0.018056
1 0.427995 0.326852 0.057552 0.045370
1 0.727865 0.248380 0.058854 0.043056
0 0.192969 0.284954 0.054167 0.041204
0 0.095703 0.396065 0.055990 0.050463
0 0.779687 0.585417 0.054167 0.068056
0 0.767839 0.644907 0.059115 0.073148
0 0.840755 0.704167 0.058073 0.071296
0 0.909766 0.753472 0.059115 0.069907
0 0.968880 0.808102 0.055990 0.071759
3 0.231510 0.387731 0.068750 0.050463
5 0.230469 0.482407 0.019271 0.015741
7 0.212690 0.240336 0.011971 0.016807
6 0.048284 0.315966 0.042298 0.043697
0 0.612530 0.247899 0.047087 0.045378
0 0.648843 0.311765 0.055866 0.048739
0 0.679569 0.386555 0.050279 0.043697
0 0.131285 0.504202 0.047087 0.036975
