0 0.085807 0.492593 0.056510 0.045370
0 0.787630 0.657639 0.060677 0.076389
0 0.848047 0.628241 0.050260 0.066667
1 0.752214 0.558565 0.083594 0.093056
1 0.872396 0.707176 0.071875 0.091204
1 0.938932 0.696759 0.074219 0.083333
7 0.340755 0.839120 0.009635 0.022685
7 0.406120 0.883796 0.012760 0.024074
7 0.165625 0.246991 0.016667 0.022685
7 0.092969 0.208796 0.016667 0.021296
7 0.478776 0.130787 0.009635 0.018056
7 0.475260 0.154630 0.011979 0.025926
7 0.490755 0.150463 0.011198 0.014815
7 0.624089 0.158565 0.011198 0.020833
2 0.957422 0.789352 0.085156 0.120370
6 0.145650 0.501681 0.039106 0.028571
4 0.806464 0.136975 0.031125 0.021849
3 0.206305 0.501681 0.074222 0.048739
3 0.097765 0.323529 0.071030 0.052101
0 0.609737 0.242857 0.047885 0.042017
0 0.509178 0.830252 0.055866 0.053782
0 0.445730 0.814286 0.056664 0.052101
0 0.694334 0.577311 0.055866 0.068908
