7 0.341580 0.836585 0.011173 0.021138
7 0.405427 0.879675 0.012769 0.019512
7 0.184358 0.228455 0.017558 0.021138
7 0.472466 0.125203 0.011173 0.019512
4 0.802474 0.143902 0.027933 0.021138
1 0.737430 0.553659 0.057462 0.069919
1 0.822825 0.617886 0.068635 0.081301
0 0.731445 0.607317 0.053472 0.063415
0 0.792897 0.662602 0.051875 0.063415
4 0.017558 0.776423 0.030327 0.030894
0 0.115722 0.495798 0.047885 0.040336
0 0.247805 0.368067 0.048683 0.043697
0 0.444134 0.811765 0.056664 0.053782
0 0.410215 0.675630 0.054270 0.050420
0 0.296089 0.699160 0.057462 0.053782
0 0.606943 0.248739 0.048683 0.043697
2 0.221069 0.506723 0.134078 0.062185
3 0.544693 0.321849 0.064645 0.052101
3 0.839186 0.327731 0.074222 0.053782
7 0.465682 0.136975 0.010375 0.021849
