7 0.847566 0.935772 0.015962 0.027642
7 0.403831 0.883740 0.011173 0.024390
7 0.335196 0.850407 0.011173 0.022764
7 0.289306 0.827642 0.011971 0.019512
7 0.200319 0.957724 0.019154 0.029268
7 0.187949 0.813008 0.015164 0.026016
7 0.166800 0.216260 0.012769 0.019512
7 0.480447 0.152846 0.011173 0.026016
7 0.501197 0.160163 0.011173 0.024390
4 0.812849 0.141463 0.029529 0.022764
4 0.840383 0.713821 0.033520 0.039024
0 0.084198 0.499187 0.067837 0.048780
0 0.219473 0.505691 0.063847 0.052033
0 0.641660 0.383740 0.059058 0.052033
0 0.813248 0.393496 0.051077 0.048780
0 0.967678 0.385366 0.056664 0.052033
0 0.771748 0.577236 0.062251 0.078049
0 0.845571 0.641463 0.058260 0.073171
0 0.922985 0.708943 0.061453 0.071545
0 0.798085 0.671545 0.055866 0.071545
3 0.831604 0.323577 0.078212 0.055285
3 0.715483 0.602439 0.074222 0.092683
2 0.501197 0.364228 0.126097 0.087805
7 0.638340 0.140951 0.010101 0.016681
1 0.268994 0.371143 0.061924 0.041701
1 0.172815 0.306505 0.068950 0.047540
7 0.923783 0.152101 0.016760 0.021849
7 0.206704 0.240336 0.012769 0.026891
7 0.155626 0.216807 0.012769 0.020168
0 0.607342 0.310084 0.057462 0.045378
0 0.612131 0.245378 0.049481 0.043697
1 0.727454 0.247059 0.058260 0.043697
7 0.267358 0.806723 0.012769 0.023529
