7 0.479167 0.131019 0.010417 0.021296
7 0.474089 0.154398 0.012760 0.022685
7 0.491146 0.156250 0.013542 0.022685
7 0.340365 0.840741 0.010417 0.019444
7 0.408724 0.885417 0.011198 0.027315
4 0.806120 0.137269 0.030469 0.024537
1 0.685937 0.512963 0.082292 0.092593
1 0.869922 0.709954 0.071615 0.082870
1 0.932552 0.693519 0.077604 0.083333
0 0.618490 0.521065 0.057292 0.069907
0 0.749349 0.625000 0.060677 0.073148
0 0.838411 0.620370 0.050260 0.060185
2 0.957682 0.790046 0.084635 0.121759
0 0.609338 0.244538 0.047087 0.045378
0 0.944533 0.298319 0.050279 0.045378
0 0.084597 0.492437 0.055866 0.040336
0 0.443336 0.813445 0.058260 0.053782
0 0.509577 0.831092 0.055068 0.052101
1 0.291301 0.689076 0.060654 0.057143
3 0.207901 0.502521 0.074222 0.047059
7 0.160016 0.248739 0.019952 0.020168
7 0.092977 0.209244 0.015164 0.021849
6 0.146449 0.502521 0.039106 0.033613
