0 0.127734 0.500000 0.065365 0.050000
0 0.219792 0.503935 0.063021 0.048611
0 0.041146 0.497454 0.063021 0.048611
0 0.682031 0.515509 0.059896 0.071759
0 0.772917 0.582870 0.058333 0.066667
0 0.773307 0.652083 0.059115 0.071759
0 0.906641 0.694213 0.060677 0.074537
1 0.954167 0.801620 0.086979 0.110648
3 0.577083 0.495139 0.070312 0.086574
4 0.825260 0.703241 0.030208 0.034259
4 0.929688 0.982870 0.028646 0.030556
4 0.810417 0.142130 0.032813 0.021296
7 0.479948 0.156944 0.010417 0.021296
7 0.197917 0.212269 0.014583 0.018056
7 0.012370 0.213889 0.020052 0.024074
7 0.015495 0.199074 0.020052 0.021296
7 0.186849 0.811343 0.011198 0.026389
7 0.267318 0.806481 0.012760 0.016667
7 0.290104 0.823611 0.010417 0.021296
7 0.334766 0.847917 0.007031 0.024537
7 0.401042 0.884722 0.011979 0.019444
0 0.029818 0.382407 0.058073 0.038889
0 0.019401 0.312731 0.038281 0.048611
0 0.980469 0.756481 0.039062 0.068519
7 0.195930 0.226891 0.013567 0.016807
7 0.500798 0.170588 0.011971 0.021849
1 0.727055 0.247899 0.057462 0.045378
7 0.207502 0.238655 0.012769 0.023529
0 0.611333 0.246218 0.047885 0.045378
0 0.162011 0.386555 0.049481 0.047059
