0 0.731045 0.606504 0.055866 0.068293
0 0.801277 0.660163 0.051077 0.061789
1 0.737031 0.550407 0.056664 0.063415
4 0.735435 0.270732 0.032721 0.027642
4 0.802873 0.142276 0.030327 0.024390
7 0.406225 0.882927 0.011173 0.026016
7 0.503990 0.179675 0.011971 0.017886
7 0.341580 0.839496 0.011173 0.018487
6 0.239425 0.704202 0.036712 0.040336
2 0.226257 0.510084 0.133280 0.082353
0 0.444134 0.814286 0.056664 0.052101
0 0.535515 0.428571 0.046289 0.047059
0 0.607741 0.246218 0.047087 0.045378
0 0.717079 0.310924 0.055068 0.047059
0 0.708699 0.405042 0.055866 0.047059
0 0.849162 0.385714 0.047885 0.045378
0 0.829609 0.308403 0.048683 0.042017
0 0.903831 0.305042 0.063049 0.048739
6 0.578611 0.813445 0.035116 0.047059
7 0.467279 0.132773 0.010375 0.023529
7 0.474062 0.130252 0.009577 0.021849
