7 0.403033 0.883740 0.011173 0.027642
7 0.335994 0.850407 0.009577 0.019512
7 0.289705 0.821138 0.012769 0.022764
7 0.268955 0.806504 0.014366 0.022764
7 0.187949 0.809756 0.015164 0.022764
7 0.199521 0.213821 0.014366 0.017886
7 0.195930 0.225203 0.015164 0.014634
7 0.044693 0.203252 0.020750 0.019512
7 0.480447 0.156098 0.009577 0.022764
7 0.499202 0.169919 0.011971 0.017886
4 0.070630 0.529268 0.029529 0.021138
4 0.419792 0.804878 0.027135 0.026016
4 0.482841 0.460163 0.028731 0.026016
4 0.786512 0.307317 0.027933 0.032520
4 0.812450 0.142276 0.030327 0.021138
1 0.367119 0.663415 0.068635 0.061789
1 0.618117 0.525203 0.077414 0.107317
0 0.373105 0.421138 0.058260 0.048780
0 0.510375 0.395122 0.058260 0.065041
0 0.420591 0.040650 0.027135 0.081301
0 0.126895 0.503252 0.060654 0.047154
0 0.219473 0.505691 0.063847 0.052033
0 0.543496 0.786179 0.051077 0.056911
0 0.856744 0.656098 0.058260 0.073171
0 0.714286 0.543089 0.057462 0.068293
0 0.213887 0.634454 0.049481 0.048739
0 0.040702 0.498319 0.059058 0.048739
0 0.610535 0.247059 0.047885 0.043697
1 0.726257 0.248739 0.057462 0.043697
7 0.207901 0.241176 0.011971 0.025210
