0 0.213089 0.279675 0.057462 0.048780
0 0.201516 0.343089 0.059856 0.052033
0 0.128093 0.500000 0.066241 0.053659
0 0.220670 0.505691 0.063049 0.052033
0 0.041899 0.499187 0.059856 0.045528
0 0.483639 0.385366 0.057462 0.058537
0 0.631684 0.483740 0.058260 0.069919
0 0.772147 0.840650 0.051875 0.061789
1 0.351157 0.408943 0.076616 0.069919
1 0.910615 0.897561 0.067039 0.081301
4 0.789705 0.305691 0.027933 0.026016
4 0.813647 0.142276 0.027933 0.021138
4 0.171588 0.408130 0.025539 0.026016
4 0.176377 0.538211 0.025539 0.022764
4 0.654429 0.896748 0.025539 0.027642
6 0.873504 0.299187 0.043895 0.045528
7 0.403831 0.888618 0.011173 0.024390
7 0.336393 0.847967 0.011971 0.021138
7 0.096967 0.185366 0.015164 0.022764
7 0.200718 0.215447 0.015164 0.021138
7 0.197925 0.227642 0.012769 0.016260
7 0.481245 0.155285 0.011173 0.024390
7 0.500399 0.165854 0.009577 0.022764
7 0.290104 0.826891 0.010375 0.020168
7 0.268555 0.805882 0.011971 0.021849
7 0.186752 0.809244 0.012769 0.021849
1 0.725858 0.247059 0.056664 0.043697
1 0.481245 0.773950 0.068635 0.062185
0 0.611333 0.246218 0.047885 0.045378
7 0.209497 0.241176 0.011971 0.025210
