0 0.731844 0.606504 0.055866 0.071545
1 0.737031 0.550407 0.058260 0.066667
1 0.824820 0.614634 0.066241 0.081301
4 0.802873 0.143089 0.033520 0.026016
7 0.341979 0.834146 0.011971 0.019512
7 0.406225 0.881301 0.012769 0.019512
7 0.472067 0.118699 0.008779 0.019512
7 0.492019 0.161345 0.008779 0.020168
7 0.465283 0.130252 0.007981 0.021849
2 0.222666 0.505882 0.134078 0.063866
1 0.381484 0.334454 0.062251 0.053782
0 0.607741 0.247059 0.047087 0.043697
0 0.794493 0.657143 0.050279 0.063866
0 0.444932 0.811765 0.056664 0.053782
0 0.116121 0.494958 0.048683 0.038655
