0 0.191276 0.284491 0.057031 0.045833
0 0.131380 0.502315 0.048698 0.045370
0 0.537109 0.410648 0.054427 0.047222
0 0.613411 0.247222 0.048698 0.045370
0 0.781380 0.583796 0.057552 0.064815
0 0.767839 0.644907 0.059115 0.073148
0 0.840365 0.703241 0.058854 0.073148
0 0.908984 0.753704 0.057552 0.073148
0 0.970052 0.807176 0.056771 0.069907
0 0.777734 0.891898 0.056510 0.063426
1 0.614844 0.325926 0.058333 0.047222
1 0.739714 0.306481 0.060677 0.047222
3 0.677214 0.388657 0.072656 0.052315
4 0.726693 0.534954 0.026302 0.032870
4 0.710286 0.590278 0.027344 0.036111
4 0.813281 0.139815 0.025521 0.023148
5 0.233854 0.482176 0.017708 0.020833
7 0.237891 0.465741 0.014323 0.014815
7 0.168359 0.455093 0.009635 0.012963
7 0.270052 0.803241 0.011979 0.016667
7 0.293229 0.821991 0.010417 0.018056
7 0.338802 0.849537 0.011979 0.024074
7 0.404557 0.882176 0.011198 0.027315
7 0.484115 0.156944 0.008854 0.021296
7 0.497266 0.160185 0.006510 0.024074
7 0.610547 0.152083 0.008073 0.020833
7 0.191536 0.249537 0.009635 0.017593
7 0.219792 0.296759 0.013542 0.014815
6 0.358724 0.323611 0.029948 0.035185
7 0.210694 0.241176 0.011173 0.025210
7 0.192338 0.813445 0.012769 0.016807
1 0.727853 0.245378 0.057462 0.043697
3 0.303671 0.390756 0.066241 0.048739
