0 0.172396 0.406481 0.049479 0.042593
0 0.270182 0.516435 0.058073 0.043981
0 0.418099 0.430093 0.059115 0.056481
0 0.450911 0.379630 0.059115 0.066667
0 0.614193 0.253704 0.048698 0.049074
0 0.710286 0.255324 0.052865 0.045833
0 0.975651 0.315509 0.047135 0.045833
0 0.972526 0.752083 0.051823 0.069907
0 0.765755 0.575694 0.058073 0.071759
0 0.615755 0.472454 0.058073 0.069907
5 0.506771 0.524306 0.019271 0.024537
1 0.724349 0.615509 0.075781 0.089352
4 0.209505 0.478935 0.030990 0.024537
7 0.501953 0.158565 0.009635 0.018056
7 0.465625 0.195139 0.007292 0.022685
7 0.221745 0.461806 0.012760 0.016204
7 0.170313 0.216435 0.008854 0.009722
7 0.167969 0.230093 0.011979 0.017593
7 0.157552 0.233333 0.013542 0.014815
7 0.122135 0.214583 0.017708 0.016204
6 0.915755 0.305556 0.044010 0.038889
1 0.020443 0.318056 0.040365 0.048148
7 0.007981 0.221008 0.014366 0.018487
0 0.858340 0.319328 0.050279 0.043697
4 0.815243 0.147059 0.029529 0.018487
0 0.145650 0.313445 0.063049 0.052101
7 0.401836 0.912605 0.010375 0.026891
