7 0.193490 0.238194 0.016667 0.020833
7 0.094531 0.208102 0.019792 0.022685
7 0.479948 0.132407 0.013542 0.021296
7 0.475260 0.153009 0.011979 0.029167
7 0.490365 0.156944 0.011979 0.017593
7 0.643359 0.171528 0.012760 0.020833
7 0.342318 0.839120 0.012760 0.016204
7 0.407813 0.882870 0.014583 0.025926
1 0.750911 0.557639 0.083073 0.091204
1 0.870703 0.710648 0.070052 0.084259
1 0.938932 0.698380 0.071094 0.082870
0 0.695182 0.577315 0.057552 0.068519
0 0.786458 0.656019 0.061458 0.073148
0 0.848437 0.629861 0.051042 0.063426
2 0.957682 0.789583 0.084635 0.122685
0 0.608540 0.242857 0.045491 0.045378
0 0.084597 0.492437 0.055866 0.040336
0 0.414206 0.710924 0.055866 0.053782
0 0.444533 0.812605 0.057462 0.052101
0 0.509976 0.830252 0.055866 0.053782
3 0.206305 0.500840 0.072626 0.050420
3 0.622506 0.326891 0.071828 0.052101
6 0.146848 0.500000 0.039904 0.035294
4 0.806464 0.136975 0.027933 0.018487
