7 0.480469 0.126852 0.007812 0.016667
7 0.474870 0.158565 0.009635 0.020833
7 0.494922 0.156944 0.011198 0.017593
7 0.600521 0.741435 0.010417 0.022685
7 0.406250 0.876389 0.009375 0.023148
7 0.340755 0.842361 0.012760 0.022685
7 0.261458 0.796065 0.013542 0.018056
7 0.195443 0.808102 0.014323 0.019907
6 0.533594 0.314815 0.034375 0.040741
6 0.844401 0.638889 0.039844 0.051852
4 0.807943 0.138889 0.024740 0.021296
4 0.652083 0.348843 0.028646 0.024537
4 0.578646 0.337269 0.025521 0.024537
4 0.812109 0.682870 0.027865 0.032407
3 0.920573 0.692593 0.104688 0.107407
1 0.867578 0.860185 0.063802 0.071296
0 0.844010 0.924537 0.058333 0.066667
0 0.788411 0.583796 0.059115 0.064815
0 0.765755 0.640741 0.056510 0.075000
0 0.691146 0.577315 0.060417 0.071296
7 0.378255 0.174074 0.011198 0.012963
0 0.444533 0.816807 0.057462 0.057143
0 0.509976 0.832773 0.057462 0.052101
0 0.610535 0.245378 0.047885 0.043697
