7 0.341536 0.839120 0.009635 0.022685
7 0.407031 0.881481 0.009375 0.025926
7 0.466016 0.132407 0.009635 0.021296
7 0.474870 0.124306 0.009635 0.024537
4 0.804036 0.141435 0.032552 0.019907
3 0.818880 0.671528 0.090885 0.100463
0 0.607292 0.812037 0.047917 0.053704
0 0.828385 0.296759 0.055729 0.047222
0 0.607342 0.245378 0.047885 0.043697
0 0.842777 0.627731 0.055866 0.072269
0 0.682362 0.573109 0.052674 0.060504
0 0.500399 0.438655 0.052674 0.060504
0 0.959298 0.921849 0.055866 0.068908
0 0.771349 0.808403 0.059856 0.063866
0 0.444533 0.811765 0.055866 0.053782
0 0.114924 0.495798 0.047885 0.043697
1 0.717478 0.534454 0.063847 0.080672
1 0.573025 0.420168 0.055866 0.063866
2 0.222267 0.505882 0.134876 0.060504
7 0.158819 0.236975 0.019154 0.020168
4 0.867119 0.952941 0.029529 0.026891
