7 0.477214 0.191204 0.006510 0.021296
7 0.478776 0.127778 0.009635 0.021296
7 0.477214 0.151157 0.008073 0.016204
7 0.491536 0.156250 0.011198 0.016204
7 0.194661 0.808102 0.011198 0.019907
7 0.260677 0.795139 0.013542 0.019907
7 0.338021 0.843056 0.008854 0.017593
7 0.404557 0.878009 0.009635 0.026389
6 0.844792 0.639815 0.037500 0.050000
6 0.233854 0.518750 0.041667 0.032870
4 0.807682 0.138194 0.028906 0.022685
4 0.811719 0.683796 0.028646 0.034259
4 0.969661 0.815278 0.032031 0.034259
3 0.883854 0.729398 0.080729 0.089352
2 0.528385 0.327778 0.126042 0.073148
3 0.919010 0.694444 0.103125 0.107407
1 0.969661 0.906713 0.059115 0.069907
0 0.693490 0.578935 0.054167 0.071759
0 0.788021 0.583102 0.058333 0.069907
0 0.767318 0.640046 0.053385 0.069907
0 0.444531 0.817824 0.060417 0.055093
0 0.509245 0.834954 0.057552 0.050463
0 0.609737 0.245378 0.046289 0.043697
0 0.772945 0.310084 0.058260 0.048739
