5 0.840383 0.603252 0.022346 0.029268
4 0.893855 0.704065 0.025539 0.032520
4 0.814844 0.144715 0.028731 0.019512
0 0.912610 0.315447 0.056664 0.048780
0 0.441740 0.828455 0.059856 0.056911
0 0.698324 0.599187 0.059058 0.079675
0 0.768555 0.648780 0.057462 0.071545
0 0.855946 0.658537 0.055068 0.074797
0 0.966480 0.737398 0.060654 0.073171
0 0.743815 0.328455 0.049481 0.048780
1 0.589385 0.342276 0.071030 0.050407
1 0.763767 0.576423 0.137271 0.141463
7 0.410615 0.881301 0.007183 0.022764
7 0.400638 0.878862 0.007981 0.017886
7 0.267358 0.813008 0.012769 0.019512
7 0.270152 0.594309 0.011971 0.014634
7 0.484409 0.143453 0.008783 0.023353
0 0.904480 0.973311 0.065437 0.050042
3 0.168396 0.506723 0.076616 0.048739
0 0.613328 0.248739 0.047087 0.043697
1 0.730646 0.250420 0.059856 0.047059
