7 0.166797 0.443056 0.014323 0.014815
7 0.189193 0.255324 0.009635 0.016204
7 0.223958 0.281250 0.010417 0.022685
7 0.181510 0.710648 0.013542 0.019444
7 0.193099 0.812269 0.012760 0.020833
7 0.271745 0.802315 0.011719 0.021296
7 0.293229 0.821065 0.011979 0.016204
7 0.339193 0.850463 0.009635 0.019444
7 0.404167 0.882870 0.007292 0.025926
7 0.476432 0.157639 0.009635 0.016204
7 0.732292 0.169907 0.010417 0.017593
0 0.193490 0.284491 0.056771 0.045833
0 0.782552 0.583796 0.053646 0.064815
0 0.768229 0.643287 0.059896 0.076389
0 0.847526 0.638426 0.055990 0.066667
0 0.841276 0.702546 0.059115 0.071759
0 0.910547 0.751852 0.055990 0.066667
0 0.970443 0.804861 0.055990 0.078241
0 0.555469 0.781250 0.055729 0.056944
1 0.727865 0.247222 0.058854 0.049074
4 0.814063 0.140509 0.027083 0.024537
4 0.726302 0.531713 0.023958 0.029167
4 0.709505 0.588657 0.022135 0.032870
5 0.230599 0.483796 0.017448 0.018519
7 0.223065 0.241176 0.010375 0.018487
0 0.613727 0.246218 0.047885 0.042017
0 0.130487 0.503361 0.050279 0.038655
7 0.616919 0.165546 0.009577 0.021849
