0 0.382292 0.339815 0.057292 0.045370
0 0.788411 0.583796 0.059115 0.071296
0 0.690625 0.578009 0.061458 0.069907
0 0.766927 0.638194 0.054167 0.069907
0 0.444141 0.816204 0.058073 0.055556
0 0.509635 0.834954 0.058333 0.056944
2 0.123307 0.333333 0.123698 0.071296
3 0.919010 0.691898 0.103125 0.106019
1 0.861458 0.310648 0.059896 0.051852
1 0.139193 0.500000 0.095052 0.053704
3 0.883464 0.727778 0.076823 0.086111
4 0.806380 0.138889 0.026302 0.021296
4 0.811328 0.681250 0.027865 0.032870
4 0.934635 0.785417 0.025521 0.039352
6 0.842839 0.638194 0.039844 0.043981
7 0.479557 0.129167 0.009635 0.021296
7 0.477604 0.152083 0.007292 0.020833
7 0.492708 0.156019 0.010417 0.019444
7 0.193099 0.807176 0.011198 0.018056
7 0.261849 0.795139 0.014323 0.019907
7 0.339583 0.843056 0.010417 0.021296
7 0.405469 0.876389 0.007812 0.025926
0 0.610136 0.244538 0.047087 0.042017
0 0.671987 0.319328 0.055866 0.040336
6 0.234238 0.517647 0.040702 0.033613
