7 0.185938 0.813889 0.009375 0.021296
7 0.266146 0.807176 0.008854 0.018056
7 0.289323 0.827778 0.010417 0.019444
7 0.405078 0.879630 0.007031 0.019444
7 0.397396 0.880556 0.006250 0.017593
7 0.080599 0.222685 0.017448 0.019444
7 0.092969 0.243056 0.015104 0.014815
7 0.399870 0.171528 0.009635 0.018056
7 0.407422 0.190972 0.010156 0.018056
4 0.812500 0.140509 0.028646 0.018056
4 0.762240 0.288657 0.025521 0.027315
4 0.841536 0.716435 0.032552 0.037500
0 0.823568 0.321065 0.063802 0.056944
0 0.907031 0.303241 0.056771 0.050000
0 0.772917 0.578241 0.059896 0.073148
0 0.845573 0.641667 0.059896 0.073148
0 0.921354 0.708102 0.063021 0.076389
0 0.798047 0.675463 0.057552 0.073148
0 0.366276 0.470833 0.060677 0.060185
1 0.728646 0.248843 0.060417 0.048611
1 0.500391 0.793519 0.070052 0.068519
3 0.714714 0.602546 0.075781 0.089352
3 0.086589 0.275694 0.074219 0.056944
2 0.935807 0.926852 0.126823 0.094444
4 0.296484 0.661806 0.026302 0.026389
7 0.332422 0.857639 0.010156 0.018056
7 0.974089 0.651852 0.015365 0.019444
0 0.248568 0.324769 0.052865 0.060648
3 0.973047 0.383565 0.051302 0.044907
7 0.480846 0.153782 0.010375 0.021849
0 0.612131 0.247899 0.046289 0.042017
