7 0.456903 0.097561 0.008779 0.019512
7 0.111333 0.220325 0.019952 0.024390
7 0.409417 0.882114 0.009577 0.024390
7 0.401038 0.895935 0.008779 0.026016
7 0.781724 0.207317 0.011971 0.017886
0 0.115323 0.497561 0.059856 0.048780
0 0.442538 0.833333 0.058260 0.060163
0 0.613328 0.251220 0.048683 0.047154
0 0.709497 0.253659 0.052674 0.042276
0 0.837989 0.313008 0.062251 0.050407
0 0.911014 0.306504 0.061453 0.050407
0 0.728252 0.619512 0.059856 0.071545
0 0.882283 0.748780 0.061453 0.069919
0 0.972865 0.824390 0.051077 0.068293
0 0.749401 0.826016 0.052674 0.061789
1 0.808061 0.681301 0.067837 0.084553
4 0.761373 0.317886 0.028731 0.024390
4 0.815243 0.144715 0.029529 0.019512
7 0.757781 0.204065 0.011971 0.017886
3 0.828013 0.622689 0.098164 0.105882
