7 0.411014 0.881301 0.007981 0.026016
7 0.401836 0.878049 0.007183 0.022764
7 0.296488 0.833333 0.008779 0.017886
7 0.264565 0.813821 0.013567 0.021138
7 0.452115 0.647154 0.008779 0.019512
7 0.111333 0.229268 0.018356 0.019512
0 0.612131 0.249593 0.051077 0.047154
0 0.737031 0.323577 0.058260 0.052033
0 0.698324 0.598374 0.057462 0.074797
0 0.767358 0.647967 0.061453 0.076423
0 0.855148 0.660163 0.058260 0.074797
0 0.966480 0.739024 0.063847 0.076423
0 0.940543 0.790244 0.050279 0.065041
0 0.688348 0.797561 0.056664 0.063415
0 0.468077 0.748780 0.056664 0.053659
0 0.122107 0.322764 0.051077 0.047154
2 0.458899 0.332520 0.143655 0.079675
4 0.896249 0.705691 0.028731 0.035772
5 0.840383 0.606504 0.023943 0.029268
1 0.763767 0.575610 0.135674 0.143089
1 0.728651 0.251220 0.060654 0.050407
7 0.065842 0.770732 0.015164 0.016260
7 0.484409 0.143453 0.008783 0.018349
3 0.167199 0.506723 0.074222 0.052101
0 0.440543 0.828571 0.059058 0.053782
4 0.814046 0.142857 0.027135 0.020168
