4 0.543490 0.399537 0.025521 0.021296
4 0.404687 0.458565 0.027083 0.026389
5 0.636068 0.475463 0.022135 0.021296
6 0.914974 0.305787 0.044010 0.042130
7 0.681250 0.238889 0.008854 0.019444
7 0.401042 0.912963 0.008854 0.021296
7 0.145182 0.340509 0.012760 0.018056
7 0.009115 0.230787 0.013542 0.016204
7 0.011458 0.202315 0.013542 0.014815
7 0.112109 0.223611 0.016927 0.021296
0 0.709115 0.256250 0.053646 0.043981
0 0.975260 0.313889 0.046354 0.042593
0 0.909375 0.928472 0.064583 0.068056
0 0.470833 0.728472 0.067187 0.061574
0 0.047135 0.319676 0.051042 0.043981
3 0.844010 0.724537 0.079167 0.092593
2 0.890625 0.677315 0.153125 0.161111
1 0.763802 0.574769 0.071875 0.082870
4 0.816406 0.148148 0.030208 0.019444
7 0.407422 0.900926 0.007031 0.019444
0 0.857542 0.319328 0.050279 0.043697
7 0.667598 0.184034 0.015164 0.018487
0 0.613328 0.252941 0.045491 0.042017
0 0.682761 0.402521 0.056664 0.048739
