0 0.256120 0.743056 0.057552 0.055556
0 0.889844 0.734259 0.055729 0.066667
0 0.818359 0.852778 0.050260 0.066667
0 0.727474 0.967361 0.058073 0.055093
1 0.935677 0.703241 0.061458 0.076852
2 0.305599 0.382870 0.140365 0.079630
2 0.186719 0.510648 0.151562 0.064815
3 0.460547 0.704167 0.068490 0.068519
3 0.813672 0.678935 0.072656 0.089352
0 0.824479 0.621991 0.051042 0.063426
4 0.810026 0.137269 0.032031 0.018056
4 0.182031 0.330787 0.023958 0.024537
4 0.045052 0.507176 0.031250 0.029167
4 0.747396 0.612269 0.021354 0.024537
4 0.721875 0.610648 0.028125 0.027778
7 0.095443 0.225231 0.021615 0.024537
7 0.482031 0.154630 0.010937 0.025926
7 0.194271 0.810417 0.011979 0.024537
7 0.271745 0.801620 0.015365 0.019907
7 0.293229 0.818056 0.011979 0.012963
7 0.326042 0.828472 0.010417 0.014352
7 0.339193 0.845602 0.009635 0.022685
7 0.406250 0.877315 0.009375 0.027778
7 0.492969 0.156250 0.008333 0.018981
0 0.192737 0.283193 0.056664 0.038655
0 0.575419 0.323529 0.054270 0.045378
0 0.610136 0.245378 0.048683 0.043697
0 0.800479 0.310084 0.060654 0.045378
3 0.487231 0.389076 0.069433 0.052101
7 0.426177 0.867227 0.009577 0.020168
7 0.211492 0.179832 0.009577 0.016807
3 0.736233 0.549580 0.096568 0.100840
