7 0.188802 0.259491 0.010417 0.018056
7 0.270833 0.800926 0.011979 0.021296
7 0.292839 0.818750 0.011198 0.018056
7 0.404557 0.880556 0.008073 0.024074
7 0.481641 0.156250 0.010156 0.022685
7 0.493620 0.160185 0.008594 0.017593
4 0.809635 0.138194 0.029687 0.019907
4 0.723958 0.616204 0.023958 0.025926
0 0.193359 0.285648 0.056510 0.043519
0 0.230990 0.346296 0.055208 0.051852
0 0.110156 0.618750 0.054167 0.056944
0 0.839583 0.315509 0.057292 0.045833
0 0.611333 0.246218 0.049481 0.042017
7 0.722666 0.223529 0.008779 0.016807
1 0.725858 0.245378 0.058260 0.043697
1 0.526736 0.428571 0.063847 0.053782
7 0.340383 0.847899 0.010375 0.021849
7 0.193536 0.812605 0.011971 0.015126
0 0.932961 0.309244 0.059058 0.043697
3 0.737031 0.550420 0.096568 0.102521
