0 0.699870 0.581250 0.057552 0.069907
0 0.794922 0.655324 0.052865 0.065278
0 0.914714 0.682870 0.062240 0.068519
0 0.819271 0.899306 0.058333 0.071759
0 0.936068 0.911343 0.060677 0.069907
1 0.735417 0.547917 0.061458 0.068056
1 0.822786 0.616898 0.063802 0.082870
4 0.802865 0.145370 0.034896 0.027778
4 0.384245 0.744676 0.027865 0.029167
7 0.176823 0.231713 0.019792 0.020833
7 0.341536 0.839815 0.009635 0.021296
7 0.407422 0.881250 0.013802 0.022685
0 0.608140 0.247059 0.044693 0.043697
0 0.964086 0.296639 0.057462 0.045378
0 0.444533 0.810924 0.055866 0.055462
0 0.467678 0.695798 0.052674 0.047059
0 0.288109 0.641176 0.062251 0.052101
0 0.115722 0.496639 0.047885 0.042017
0 0.119314 0.660504 0.048683 0.043697
3 0.902235 0.739496 0.093376 0.097479
3 0.231445 0.382353 0.068635 0.048739
2 0.221468 0.505882 0.131684 0.060504
7 0.464485 0.137815 0.009577 0.026891
7 0.474461 0.126891 0.010375 0.025210
