7 0.642839 0.143750 0.015365 0.024537
7 0.494010 0.157639 0.013021 0.016204
7 0.481120 0.151389 0.012760 0.019444
7 0.479557 0.126852 0.009635 0.016667
7 0.455599 0.154630 0.012760 0.025926
7 0.207031 0.204861 0.013542 0.022685
7 0.341536 0.842361 0.011198 0.022685
7 0.405729 0.878009 0.011979 0.026389
6 0.779036 0.813657 0.036719 0.043981
1 0.870703 0.710648 0.070052 0.087963
1 0.761719 0.567593 0.080729 0.094444
0 0.956901 0.296759 0.063802 0.050000
0 0.025260 0.821065 0.050000 0.097685
0 0.692839 0.578935 0.059115 0.071759
0 0.853516 0.633333 0.048698 0.066667
0 0.788021 0.656944 0.059896 0.068519
0 0.882682 0.291597 0.057462 0.048739
0 0.609338 0.244538 0.047087 0.045378
0 0.419393 0.129412 0.023144 0.087395
1 0.922187 0.374790 0.064645 0.047059
0 0.533121 0.430252 0.051077 0.050420
0 0.490423 0.706723 0.051875 0.048739
0 0.509178 0.831933 0.055866 0.053782
0 0.444533 0.815966 0.055866 0.052101
2 0.956105 0.791597 0.083001 0.114286
6 0.096568 0.500840 0.039904 0.033613
4 0.805267 0.138655 0.028731 0.018487
3 0.195132 0.500840 0.074222 0.050420
