4 0.813248 0.143089 0.031923 0.022764
4 0.760575 0.289431 0.027135 0.029268
4 0.841580 0.715447 0.029529 0.039024
3 0.715084 0.604878 0.075020 0.091057
3 0.087390 0.275610 0.074222 0.056911
0 0.081006 0.350407 0.059856 0.050407
0 0.905427 0.304878 0.058260 0.050407
0 0.772945 0.578049 0.059856 0.073171
0 0.845970 0.641463 0.059058 0.073171
0 0.921788 0.709756 0.062251 0.073171
0 0.798883 0.673984 0.057462 0.076423
1 0.728252 0.250407 0.059856 0.048780
7 0.499601 0.152846 0.007981 0.019512
7 0.482841 0.151220 0.009577 0.019512
7 0.425379 0.211382 0.015962 0.022764
7 0.083001 0.221138 0.014366 0.016260
7 0.086193 0.239837 0.017558 0.017886
7 0.185954 0.813008 0.011173 0.022764
7 0.287709 0.828455 0.010375 0.017886
7 0.267757 0.808130 0.011971 0.019512
7 0.405826 0.878862 0.008779 0.024390
7 0.398643 0.883740 0.007183 0.021138
7 0.333998 0.852846 0.011971 0.017886
7 0.974461 0.653659 0.014366 0.019512
0 0.781724 0.390756 0.056664 0.048739
0 0.612131 0.247899 0.047885 0.045378
7 0.643655 0.143697 0.008779 0.021849
0 0.824022 0.320168 0.061453 0.048739
