4 0.814445 0.141463 0.029529 0.019512
4 0.762171 0.287805 0.025539 0.026016
4 0.270950 0.486992 0.031125 0.024390
4 0.220670 0.403252 0.023144 0.026016
5 0.108140 0.318699 0.024741 0.019512
0 0.179170 0.332520 0.055068 0.043902
0 0.117717 0.389431 0.056664 0.047154
0 0.087390 0.504878 0.059856 0.050407
0 0.480048 0.401626 0.061453 0.058537
0 0.777733 0.582114 0.058260 0.068293
1 0.729050 0.248780 0.061453 0.045528
1 0.558659 0.815447 0.067039 0.069919
3 0.638069 0.475610 0.074222 0.089431
7 0.639266 0.979675 0.009577 0.017886
7 0.409816 0.878862 0.008779 0.017886
7 0.400638 0.878049 0.007981 0.022764
7 0.288109 0.831707 0.009577 0.021138
7 0.264964 0.810569 0.012769 0.017886
4 0.019952 0.771545 0.028731 0.037398
7 0.184757 0.815447 0.010375 0.017886
7 0.481644 0.152033 0.008779 0.017886
0 0.023935 0.488324 0.046992 0.044204
0 0.018884 0.376147 0.036891 0.040033
0 0.824820 0.321849 0.061453 0.048739
0 0.909018 0.303361 0.051077 0.048739
3 0.167997 0.505042 0.075818 0.048739
0 0.347965 0.373950 0.055866 0.052101
7 0.259777 0.331933 0.010375 0.018487
0 0.613328 0.246218 0.047087 0.045378
