7 0.084198 0.693496 0.018356 0.021138
7 0.342378 0.843089 0.011173 0.024390
7 0.481245 0.132520 0.011173 0.024390
7 0.478452 0.156098 0.013567 0.019512
6 0.112530 0.278049 0.035116 0.039024
4 0.807263 0.261789 0.031125 0.019512
4 0.729050 0.543089 0.027933 0.032520
4 0.804469 0.140650 0.028731 0.024390
1 0.733440 0.613008 0.070231 0.084553
0 0.862330 0.716260 0.056664 0.066667
0 0.875898 0.653659 0.059856 0.074797
0 0.797686 0.593496 0.053472 0.071545
0 0.876696 0.313008 0.061453 0.053659
0 0.140463 0.504878 0.057462 0.047154
0 0.648045 0.326050 0.055866 0.047059
0 0.608939 0.246218 0.044693 0.042017
0 0.441341 0.323529 0.055866 0.045378
0 0.207901 0.509244 0.059856 0.043697
0 0.029130 0.504202 0.048683 0.036975
0 0.509178 0.829412 0.054270 0.052101
0 0.444533 0.812605 0.055866 0.052101
4 0.208699 0.362185 0.027933 0.021849
6 0.274940 0.497479 0.035914 0.033613
5 0.128492 0.647899 0.022346 0.031933
7 0.405826 0.885714 0.008779 0.023529
