7 0.674740 0.189352 0.010417 0.021296
7 0.735026 0.178935 0.015885 0.022685
7 0.482422 0.153009 0.015365 0.022685
7 0.503906 0.166667 0.011979 0.021296
7 0.196615 0.233333 0.011979 0.021296
7 0.189974 0.811343 0.011198 0.026389
7 0.251042 0.835880 0.013542 0.022685
7 0.271745 0.805556 0.015365 0.021296
7 0.288542 0.829398 0.010417 0.022685
7 0.338021 0.847917 0.011979 0.020833
7 0.404948 0.883796 0.010417 0.027778
4 0.814063 0.141435 0.028646 0.019907
4 0.788151 0.269907 0.027865 0.025926
4 0.792839 0.307407 0.029427 0.025926
4 0.711198 0.592824 0.023958 0.031019
4 0.882292 0.663426 0.029687 0.038889
3 0.667188 0.400000 0.068750 0.051852
1 0.503646 0.448843 0.071875 0.058796
0 0.769792 0.644907 0.059896 0.073148
0 0.854427 0.718056 0.061458 0.073148
0 0.311328 0.463426 0.059115 0.071296
0 0.192318 0.502546 0.060677 0.048611
6 0.838802 0.297685 0.044792 0.045370
0 0.191141 0.278992 0.056664 0.047059
7 0.210694 0.242017 0.011173 0.023529
1 0.729848 0.247059 0.056664 0.043697
0 0.612929 0.245378 0.047885 0.043697
0 0.053472 0.353782 0.057462 0.042017
3 0.929769 0.307563 0.078212 0.057143
