7 0.062650 0.208130 0.015164 0.022764
7 0.158420 0.255285 0.015164 0.019512
7 0.480447 0.127642 0.007981 0.017886
7 0.476856 0.153659 0.008779 0.024390
7 0.341979 0.841463 0.010375 0.017886
7 0.406624 0.885366 0.010375 0.021138
4 0.803671 0.139837 0.031923 0.022764
0 0.600958 0.803252 0.052674 0.058537
0 0.117318 0.623577 0.060654 0.053659
0 0.183160 0.493496 0.055068 0.043902
0 0.164405 0.329268 0.051077 0.047154
4 0.920192 0.300840 0.035116 0.026891
0 0.863528 0.280672 0.062251 0.047059
0 0.777334 0.301681 0.047885 0.042017
0 0.609338 0.244538 0.047087 0.045378
0 0.817638 0.854622 0.053472 0.058824
3 0.503591 0.445378 0.068635 0.060504
5 0.116121 0.521008 0.019952 0.023529
6 0.268555 0.483193 0.037510 0.042017
6 0.066640 0.487395 0.042298 0.030252
0 0.509178 0.830252 0.055866 0.050420
0 0.444533 0.812605 0.057462 0.052101
0 0.019553 0.320168 0.039106 0.042017
