1 0.041500 0.309756 0.057462 0.050407
1 0.286512 0.510569 0.067039 0.045528
1 0.807263 0.680488 0.071030 0.086179
0 0.235834 0.413821 0.055068 0.047154
0 0.709896 0.253659 0.051875 0.045528
0 0.728252 0.619512 0.056664 0.071545
0 0.882283 0.747967 0.061453 0.071545
0 0.443735 0.833333 0.059058 0.060163
3 0.139665 0.328455 0.071828 0.055285
1 0.381484 0.352033 0.075020 0.066667
3 0.472865 0.452846 0.072626 0.063415
4 0.762570 0.318699 0.029529 0.022764
4 0.817239 0.146341 0.028731 0.016260
4 0.177175 0.388618 0.023943 0.022764
6 0.168396 0.495122 0.038308 0.034146
7 0.412211 0.885366 0.010375 0.021138
7 0.400638 0.891870 0.007981 0.024390
7 0.144453 0.227642 0.014366 0.016260
7 0.115323 0.226829 0.016760 0.021138
7 0.179968 0.194958 0.019952 0.020168
0 0.839585 0.312605 0.057462 0.047059
0 0.912211 0.305042 0.059058 0.048739
0 0.614126 0.250420 0.048683 0.043697
