7 0.644852 0.164228 0.007981 0.019512
7 0.115722 0.215447 0.015962 0.021138
7 0.116121 0.774797 0.013567 0.017886
7 0.409018 0.880488 0.007183 0.021138
7 0.400239 0.892683 0.008779 0.019512
0 0.509577 0.329268 0.058260 0.050407
0 0.770551 0.395122 0.056664 0.052033
0 0.102554 0.345528 0.051875 0.047154
0 0.188747 0.502439 0.056664 0.048780
0 0.442538 0.832520 0.058260 0.061789
0 0.728651 0.620325 0.057462 0.073171
0 0.882283 0.748780 0.061453 0.073171
0 0.962490 0.817073 0.062251 0.076423
1 0.862330 0.656098 0.059856 0.076423
1 0.807263 0.680488 0.069433 0.086179
3 0.701117 0.335772 0.075818 0.063415
4 0.830008 0.293496 0.027135 0.024390
4 0.815642 0.146341 0.028731 0.019512
7 0.485507 0.144704 0.008344 0.015847
0 0.613727 0.249580 0.047885 0.045378
7 0.629290 0.185714 0.010375 0.025210
0 0.937350 0.305042 0.059856 0.045378
3 0.756983 0.565546 0.099761 0.105882
