7 0.103352 0.513008 0.016760 0.017886
7 0.342378 0.840650 0.009577 0.022764
7 0.406225 0.882114 0.009577 0.021138
7 0.480447 0.134146 0.007981 0.021138
7 0.478851 0.155285 0.009577 0.027642
6 0.275339 0.495935 0.035116 0.035772
4 0.729050 0.542276 0.029529 0.034146
4 0.854749 0.310569 0.031923 0.022764
4 0.855148 0.378049 0.029529 0.027642
4 0.805666 0.141463 0.027933 0.022764
1 0.732642 0.613008 0.070231 0.084553
0 0.799282 0.595935 0.053472 0.066667
0 0.875499 0.658537 0.060654 0.071545
0 0.443735 0.815447 0.057462 0.056911
0 0.329210 0.659350 0.053472 0.053659
0 0.207103 0.510569 0.059856 0.048780
0 0.140463 0.504878 0.057462 0.047154
0 0.744613 0.294118 0.060654 0.053782
0 0.607741 0.246218 0.048683 0.045378
0 0.543097 0.344538 0.045491 0.047059
0 0.509577 0.831933 0.053472 0.053782
6 0.142059 0.279832 0.033520 0.038655
7 0.083400 0.227731 0.016760 0.018487
4 0.893855 0.905882 0.027135 0.026891
0 0.976057 0.286555 0.044693 0.045378
