3 0.175130 0.730093 0.075781 0.071296
4 0.168359 0.661806 0.038281 0.032870
7 0.406510 0.882176 0.011979 0.024537
7 0.512760 0.178009 0.011979 0.018056
7 0.498437 0.159259 0.013542 0.019444
7 0.480339 0.148843 0.012760 0.018056
7 0.479948 0.127778 0.010417 0.021296
7 0.699870 0.167361 0.014323 0.022685
0 0.957302 0.296639 0.058260 0.045378
0 0.882682 0.290756 0.057462 0.047059
0 0.609338 0.244538 0.045491 0.042017
0 0.701117 0.584034 0.056664 0.068908
0 0.666800 0.797479 0.058260 0.062185
0 0.509178 0.831092 0.055866 0.052101
0 0.443336 0.814286 0.056664 0.055462
0 0.054270 0.495798 0.055866 0.043697
1 0.151237 0.496639 0.090184 0.052101
7 0.341580 0.841176 0.011173 0.021849
3 0.093775 0.284874 0.093376 0.055462
4 0.806864 0.137815 0.028731 0.016807
6 0.237430 0.517647 0.039106 0.033613
2 0.140862 0.363025 0.120511 0.077311
