1 0.763767 0.577236 0.137271 0.143089
1 0.728651 0.249593 0.060654 0.047154
0 0.516760 0.320325 0.051875 0.048780
0 0.128093 0.323577 0.048683 0.045528
0 0.203113 0.634959 0.058260 0.053659
0 0.425778 0.767480 0.055068 0.055285
0 0.442139 0.829268 0.059058 0.055285
0 0.696728 0.597561 0.059058 0.076423
0 0.767358 0.647967 0.059856 0.073171
0 0.854749 0.660976 0.055866 0.076423
0 0.964485 0.737398 0.064645 0.073171
4 0.894653 0.704065 0.028731 0.032520
4 0.813647 0.143902 0.029529 0.021138
2 0.762171 0.317886 0.153232 0.086179
5 0.841979 0.604878 0.025539 0.032520
7 0.167199 0.217073 0.019952 0.017886
7 0.266959 0.808130 0.013567 0.019512
7 0.408619 0.878862 0.007981 0.021138
7 0.399840 0.880488 0.006385 0.021138
7 0.484629 0.143870 0.006588 0.020851
7 0.393057 0.628571 0.008779 0.023529
3 0.167199 0.508403 0.075818 0.052101
7 0.314445 0.844538 0.007981 0.018487
0 0.611732 0.248739 0.047087 0.043697
