0 0.031923 0.604065 0.060654 0.056911
0 0.772546 0.578049 0.062251 0.073171
0 0.797686 0.674797 0.056664 0.068293
0 0.845970 0.642276 0.057462 0.078049
0 0.922985 0.711382 0.061453 0.076423
0 0.905826 0.306504 0.054270 0.053659
1 0.727853 0.248780 0.060654 0.048780
3 0.714685 0.603252 0.074222 0.087805
3 0.084597 0.276423 0.075020 0.055285
7 0.058659 0.310569 0.018356 0.019512
7 0.479649 0.136585 0.009577 0.016260
7 0.476457 0.156911 0.012769 0.021138
7 0.500798 0.162602 0.010375 0.016260
7 0.186353 0.815447 0.010375 0.017886
7 0.265762 0.809756 0.011173 0.022764
7 0.289306 0.828455 0.010375 0.021138
7 0.333599 0.853659 0.009577 0.019512
7 0.407422 0.874797 0.008779 0.022764
7 0.399441 0.885366 0.008779 0.024390
4 0.841580 0.716260 0.032721 0.034146
4 0.760176 0.287805 0.026337 0.026016
4 0.812450 0.142276 0.028731 0.024390
7 0.970471 0.683740 0.014366 0.021138
7 0.638560 0.142619 0.008783 0.018349
0 0.823623 0.319328 0.062251 0.047059
7 0.187550 0.218487 0.012769 0.023529
7 0.198723 0.233613 0.009577 0.020168
7 0.205507 0.245378 0.010375 0.023529
0 0.611732 0.246218 0.048683 0.042017
