0 0.721875 0.592824 0.063021 0.082870
0 0.102995 0.351852 0.055990 0.053704
6 0.395573 0.369213 0.037500 0.042130
6 0.233464 0.518750 0.040885 0.039352
7 0.176823 0.760880 0.015104 0.016204
7 0.178776 0.777315 0.014323 0.019444
7 0.340365 0.844676 0.007292 0.020833
7 0.407422 0.887731 0.011719 0.022685
7 0.944531 0.185185 0.022917 0.019444
7 0.618099 0.184491 0.010156 0.018056
7 0.493229 0.154398 0.009375 0.022685
7 0.477604 0.146528 0.013542 0.016204
7 0.784896 0.164352 0.013542 0.019444
0 0.610136 0.244538 0.047087 0.045378
0 0.894653 0.289916 0.060654 0.048739
0 0.509577 0.831933 0.056664 0.053782
0 0.442937 0.817647 0.055866 0.052101
1 0.150040 0.496639 0.087789 0.052101
0 0.053871 0.497479 0.056664 0.043697
3 0.093775 0.286555 0.093376 0.055462
3 0.174781 0.730252 0.076616 0.065546
4 0.431365 0.047059 0.013567 0.047059
4 0.807263 0.136975 0.027933 0.018487
4 0.577414 0.446218 0.027933 0.028571
