0 0.826816 0.680488 0.049481 0.063415
0 0.752993 0.960163 0.055068 0.073171
1 0.905028 0.677236 0.062251 0.069919
0 0.613328 0.458537 0.045491 0.061789
3 0.612131 0.523577 0.070231 0.084553
4 0.809258 0.141463 0.027135 0.022764
4 0.404230 0.444715 0.026337 0.021138
4 0.247007 0.417073 0.024741 0.021138
7 0.482442 0.149593 0.010375 0.022764
7 0.088986 0.761789 0.018356 0.017886
7 0.196329 0.808130 0.014366 0.022764
7 0.272945 0.800813 0.011173 0.021138
7 0.293296 0.818699 0.011971 0.024390
7 0.340782 0.844715 0.012769 0.024390
7 0.406225 0.876423 0.009577 0.026016
7 0.493852 0.155129 0.010979 0.016681
0 0.194733 0.280672 0.054270 0.043697
0 0.611333 0.246218 0.046289 0.042017
4 0.087390 0.506723 0.034318 0.018487
2 0.187949 0.510924 0.147646 0.060504
3 0.475658 0.392437 0.094174 0.075630
