3 0.807662 0.913821 0.071828 0.081301
0 0.914605 0.314634 0.054270 0.050407
0 0.824022 0.322764 0.048683 0.043902
0 0.381883 0.366667 0.045491 0.047154
0 0.458101 0.439024 0.047885 0.048780
0 0.104150 0.498374 0.059856 0.053659
0 0.190343 0.497561 0.058260 0.045528
0 0.030327 0.508943 0.060654 0.045528
0 0.442139 0.829268 0.059058 0.058537
0 0.701117 0.959350 0.055068 0.074797
1 0.746608 0.335772 0.072626 0.053659
5 0.052674 0.271545 0.025539 0.026016
7 0.301277 0.886992 0.008779 0.024390
7 0.409816 0.877236 0.007183 0.021138
7 0.401038 0.887805 0.007183 0.026016
7 0.902634 0.175610 0.015962 0.016260
7 0.094972 0.221951 0.017558 0.017886
7 0.486825 0.145955 0.009223 0.023353
4 0.815243 0.143697 0.027933 0.018487
7 0.323623 0.842857 0.010375 0.018487
0 0.613328 0.247899 0.048683 0.042017
0 0.260575 0.390756 0.051875 0.048739
1 0.730247 0.249580 0.057462 0.042017
