7 0.468875 0.138211 0.010375 0.019512
7 0.475259 0.125203 0.011971 0.019512
7 0.341580 0.839837 0.009577 0.021138
7 0.407422 0.882927 0.010375 0.022764
6 0.747007 0.393496 0.038308 0.042276
4 0.802075 0.142276 0.028731 0.024390
1 0.738627 0.552846 0.059856 0.068293
0 0.682761 0.960976 0.050279 0.068293
0 0.266959 0.502439 0.050279 0.048780
0 0.391061 0.346341 0.046289 0.094309
0 0.828412 0.307317 0.052674 0.045528
0 0.902634 0.305882 0.062251 0.047059
0 0.717478 0.311765 0.057462 0.045378
0 0.606943 0.246218 0.047087 0.042017
0 0.443735 0.813445 0.057462 0.053782
0 0.174381 0.496639 0.058260 0.042017
0 0.045092 0.490756 0.050279 0.036975
4 0.793695 0.267227 0.029529 0.026891
7 0.879888 0.202521 0.013567 0.021849
