0 0.425379 0.444715 0.054270 0.050407
1 0.877893 0.722764 0.075020 0.092683
4 0.922586 0.301626 0.033520 0.030894
4 0.806464 0.140650 0.032721 0.017886
4 0.887869 0.667480 0.029529 0.034146
6 0.215483 0.499187 0.039904 0.039024
7 0.480846 0.133333 0.011971 0.019512
7 0.476856 0.152033 0.013567 0.021138
7 0.152434 0.362602 0.015962 0.022764
7 0.407422 0.884553 0.011971 0.022764
6 0.052275 0.482114 0.042298 0.037398
0 0.777733 0.300840 0.050279 0.040336
0 0.863528 0.281513 0.062251 0.045378
0 0.609737 0.243697 0.046289 0.043697
0 0.697127 0.789916 0.053472 0.057143
3 0.920192 0.373950 0.073424 0.052101
5 0.277334 0.473109 0.016760 0.025210
7 0.063049 0.208403 0.014366 0.020168
0 0.509976 0.831092 0.054270 0.052101
0 0.445331 0.814286 0.057462 0.055462
7 0.341181 0.839496 0.008779 0.021849
