7 0.482442 0.132520 0.011971 0.021138
7 0.480048 0.154472 0.010375 0.022764
7 0.065842 0.210569 0.011971 0.021138
7 0.406225 0.885366 0.009577 0.021138
6 0.330407 0.403252 0.030327 0.065041
4 0.254190 0.525203 0.026337 0.026016
1 0.733041 0.611382 0.069433 0.078049
0 0.801676 0.597561 0.053472 0.063415
0 0.509976 0.830894 0.055866 0.055285
0 0.348763 0.500813 0.055866 0.052033
7 0.105347 0.452101 0.017558 0.020168
7 0.341181 0.838655 0.010375 0.020168
6 0.203512 0.499160 0.038308 0.033613
4 0.728651 0.542017 0.030327 0.028571
0 0.608939 0.246218 0.046289 0.042017
0 0.752993 0.304202 0.047087 0.047059
0 0.843974 0.283193 0.061453 0.052101
0 0.443735 0.814286 0.057462 0.052101
4 0.804868 0.138655 0.029529 0.018487
0 0.051077 0.500840 0.062251 0.043697
0 0.279330 0.636975 0.054270 0.053782
0 0.978452 0.285714 0.041500 0.043697
4 0.918196 0.305042 0.037510 0.021849
