0 0.057422 0.507176 0.060677 0.048611
0 0.132552 0.504861 0.052604 0.037500
0 0.839583 0.313889 0.057292 0.049074
0 0.934505 0.309028 0.057552 0.055093
4 0.811328 0.139815 0.027865 0.025926
6 0.728255 0.807407 0.035677 0.047222
7 0.194661 0.808102 0.009635 0.019907
7 0.271354 0.799074 0.007812 0.021296
7 0.292839 0.819444 0.012760 0.019444
7 0.339583 0.846296 0.010417 0.017593
7 0.407031 0.878935 0.007812 0.020833
7 0.748568 0.211574 0.014323 0.019444
7 0.484115 0.154398 0.010417 0.022685
7 0.493620 0.158565 0.007031 0.020833
5 0.234115 0.481250 0.019271 0.021759
0 0.612929 0.247899 0.047885 0.042017
0 0.054270 0.389076 0.060654 0.048739
7 0.068236 0.257143 0.015164 0.020168
7 0.189146 0.261345 0.011173 0.015126
7 0.218675 0.254622 0.014366 0.025210
0 0.192737 0.281513 0.056664 0.048739
0 0.071429 0.283193 0.053472 0.048739
1 0.728252 0.244538 0.058260 0.045378
