0 0.332003 0.673984 0.055866 0.053659
0 0.551077 0.439024 0.059856 0.055285
0 0.711492 0.255285 0.051875 0.045528
0 0.860734 0.319512 0.051875 0.043902
0 0.977255 0.312195 0.043895 0.042276
0 0.629689 0.771545 0.060654 0.060163
7 0.409417 0.894309 0.011173 0.029268
7 0.011971 0.230894 0.015962 0.016260
7 0.112131 0.228455 0.016760 0.021138
7 0.387071 0.169919 0.009577 0.021138
6 0.918196 0.302439 0.043895 0.035772
1 0.913408 0.771545 0.074222 0.082927
2 0.893057 0.675610 0.153232 0.160976
2 0.681564 0.899187 0.146848 0.133333
1 0.765363 0.575610 0.070231 0.081301
3 0.794892 0.679675 0.075020 0.084553
7 0.472466 0.025203 0.007981 0.017886
6 0.377494 0.164706 0.022346 0.063866
0 0.213488 0.501681 0.051875 0.042017
7 0.736233 0.142017 0.010375 0.018487
7 0.869513 0.208403 0.023144 0.023529
4 0.818037 0.143697 0.028731 0.018487
0 0.615323 0.251261 0.047885 0.042017
