7 0.114126 0.207317 0.012769 0.017886
7 0.109338 0.229268 0.019154 0.019512
7 0.406225 0.883740 0.009577 0.024390
4 0.268555 0.468293 0.027933 0.026016
4 0.954908 0.310569 0.037510 0.026016
4 0.818037 0.144715 0.028731 0.019512
4 0.808061 0.608943 0.027933 0.027642
3 0.154429 0.400000 0.071030 0.055285
3 0.691540 0.586179 0.072626 0.086179
2 0.609338 0.449593 0.146049 0.157724
1 0.915403 0.704065 0.060654 0.078049
1 0.484836 0.455285 0.066241 0.071545
0 0.711093 0.253659 0.051077 0.045528
6 0.031125 0.490756 0.044693 0.036975
3 0.207901 0.514286 0.077414 0.050420
0 0.613727 0.249580 0.047885 0.045378
0 0.546688 0.866387 0.060654 0.062185
1 0.091381 0.500000 0.071030 0.048739
