4 0.269753 0.487805 0.027135 0.022764
4 0.506784 0.393496 0.025539 0.029268
4 0.490423 0.460163 0.031125 0.026016
4 0.760974 0.287805 0.027933 0.022764
0 0.612929 0.247967 0.049481 0.043902
0 0.605746 0.463415 0.057462 0.065041
0 0.825619 0.320325 0.061453 0.048780
0 0.907422 0.304878 0.055866 0.050407
0 0.726656 0.548780 0.061453 0.076423
0 0.087789 0.505691 0.059058 0.052033
0 0.314445 0.400813 0.046289 0.050407
0 0.389066 0.421951 0.056664 0.056911
0 0.422586 0.366667 0.053472 0.056911
1 0.153631 0.365854 0.144453 0.068293
1 0.728651 0.249593 0.060654 0.047154
1 0.169593 0.696748 0.067837 0.063415
3 0.167997 0.507317 0.077414 0.052033
3 0.875898 0.667480 0.079010 0.095935
7 0.911413 0.889431 0.014366 0.026016
7 0.894254 0.882927 0.015164 0.026016
6 0.893855 0.918699 0.039904 0.048780
7 0.234637 0.460163 0.011173 0.013008
7 0.266560 0.808130 0.011173 0.019512
7 0.288109 0.830894 0.009577 0.019512
7 0.410215 0.879675 0.007981 0.019512
7 0.402235 0.877236 0.007981 0.017886
7 0.566241 0.939024 0.010375 0.021138
7 0.482442 0.151220 0.010375 0.026016
4 0.813647 0.143089 0.027933 0.019512
7 0.184358 0.815447 0.011173 0.017886
0 0.024374 0.487073 0.047870 0.043369
