0 0.041500 0.498374 0.054270 0.040650
2 0.188747 0.510569 0.149242 0.068293
2 0.159218 0.734959 0.131684 0.097561
4 0.086193 0.504878 0.035116 0.024390
4 0.586991 0.447154 0.026337 0.026016
4 0.807662 0.137398 0.027135 0.021138
6 0.745810 0.299187 0.039106 0.045528
6 0.804070 0.900000 0.039106 0.043902
7 0.479649 0.127642 0.009577 0.017886
7 0.479649 0.148780 0.009577 0.017886
7 0.493615 0.156911 0.007183 0.014634
7 0.194334 0.807317 0.011971 0.021138
7 0.270152 0.804065 0.015164 0.024390
7 0.279330 0.817886 0.012769 0.016260
7 0.340383 0.840650 0.011971 0.019512
7 0.407422 0.874797 0.011971 0.019512
0 0.611732 0.245378 0.045491 0.043697
0 0.444932 0.818487 0.055068 0.053782
1 0.062251 0.374790 0.071828 0.050420
1 0.229848 0.326891 0.067039 0.052101
0 0.574621 0.836134 0.057462 0.068908
