0 0.065443 0.502439 0.054270 0.042276
0 0.139266 0.504878 0.055068 0.043902
0 0.444932 0.814634 0.058260 0.058537
0 0.783719 0.583740 0.052674 0.065041
0 0.818436 0.682114 0.056664 0.066667
0 0.875499 0.656911 0.057462 0.074797
0 0.918595 0.763415 0.057462 0.073171
0 0.947326 0.706504 0.057462 0.073171
1 0.685954 0.578862 0.071030 0.081301
4 0.644453 0.474797 0.031125 0.039024
4 0.805666 0.141463 0.029529 0.026016
6 0.274541 0.494309 0.036712 0.039024
7 0.406225 0.882114 0.009577 0.021138
7 0.477255 0.151220 0.011173 0.019512
0 0.205906 0.510924 0.059058 0.047059
0 0.608140 0.246218 0.046289 0.045378
4 0.832402 0.931933 0.025539 0.028571
7 0.340782 0.838655 0.011173 0.020168
5 0.929370 0.852101 0.023144 0.026891
