0 0.190365 0.277083 0.058333 0.050463
0 0.129688 0.498380 0.064583 0.050463
0 0.221354 0.504167 0.063021 0.051852
0 0.950521 0.777315 0.057292 0.075000
1 0.726562 0.245602 0.061458 0.052315
3 0.926302 0.309491 0.081250 0.053241
4 0.790104 0.303241 0.028646 0.027778
4 0.811328 0.141435 0.029427 0.019907
4 0.133984 0.536574 0.035156 0.029630
6 0.837109 0.298148 0.042969 0.045370
7 0.503125 0.163426 0.010417 0.017593
7 0.482031 0.155324 0.010937 0.024537
7 0.194661 0.198380 0.012760 0.019907
7 0.195443 0.231713 0.012760 0.027315
7 0.188411 0.808796 0.011198 0.021296
7 0.402995 0.882176 0.009635 0.024537
4 0.289714 0.545602 0.025781 0.024537
0 0.611732 0.246218 0.047087 0.045378
7 0.677973 0.193277 0.011971 0.026891
0 0.057462 0.336975 0.059058 0.048739
0 0.042698 0.497479 0.059856 0.043697
7 0.269354 0.801681 0.011971 0.023529
7 0.291301 0.824370 0.009577 0.021849
7 0.336792 0.845378 0.011173 0.020168
7 0.209098 0.241176 0.011173 0.028571
