0 0.193880 0.285648 0.055990 0.047222
0 0.316406 0.444676 0.040625 0.099537
0 0.677604 0.397685 0.049479 0.047222
0 0.840365 0.313889 0.058854 0.045370
0 0.934896 0.307407 0.059896 0.051852
4 0.721484 0.615509 0.022135 0.027315
4 0.810156 0.141435 0.027083 0.019907
7 0.481250 0.152083 0.007812 0.020833
7 0.493099 0.157639 0.011198 0.016204
7 0.728255 0.212269 0.010156 0.014352
7 0.188021 0.258333 0.011979 0.012963
7 0.184766 0.300000 0.013802 0.017593
7 0.193490 0.809722 0.008854 0.019444
7 0.270833 0.802315 0.011979 0.021296
7 0.294922 0.821296 0.015365 0.019444
7 0.340755 0.847222 0.009635 0.019444
7 0.406641 0.881250 0.008594 0.029167
1 0.727474 0.245833 0.057552 0.041667
0 0.611732 0.246218 0.047087 0.042017
3 0.754190 0.563025 0.095770 0.107563
