7 0.189974 0.256713 0.011198 0.016204
7 0.215885 0.290972 0.016667 0.016204
7 0.144401 0.966667 0.012760 0.021296
7 0.193099 0.815509 0.012760 0.024537
7 0.270443 0.804861 0.012760 0.019907
7 0.293229 0.820370 0.013542 0.021296
7 0.338802 0.847222 0.010417 0.019444
7 0.404557 0.879630 0.011198 0.029630
7 0.481250 0.156944 0.007812 0.021296
7 0.494010 0.163426 0.009375 0.021296
7 0.727344 0.144907 0.011979 0.019444
0 0.192448 0.284954 0.060937 0.041204
0 0.056641 0.504861 0.059115 0.050463
0 0.131771 0.503935 0.047917 0.042130
0 0.225391 0.407407 0.053385 0.053704
0 0.346354 0.416204 0.052604 0.051852
0 0.401042 0.340741 0.052083 0.047222
0 0.840755 0.314583 0.056510 0.043981
0 0.730599 0.608102 0.054948 0.068056
0 0.902734 0.751157 0.060677 0.074537
0 0.557031 0.816204 0.051042 0.055556
4 0.810937 0.139815 0.027083 0.023148
5 0.231380 0.480324 0.014844 0.018056
1 0.727454 0.246218 0.056664 0.045378
0 0.612131 0.246218 0.046289 0.045378
0 0.526736 0.412605 0.051077 0.048739
7 0.653232 0.141176 0.011971 0.023529
7 0.222267 0.242857 0.008779 0.021849
7 0.065842 0.227731 0.016760 0.018487
