7 0.418595 0.177236 0.008779 0.019512
7 0.426975 0.191057 0.006385 0.030894
7 0.480447 0.151220 0.007981 0.022764
7 0.082602 0.230081 0.013567 0.017886
7 0.093775 0.247967 0.015164 0.011382
7 0.186752 0.814634 0.011173 0.019512
7 0.266560 0.805691 0.011173 0.014634
7 0.288109 0.827642 0.009577 0.019512
7 0.322825 0.860163 0.010375 0.016260
7 0.405427 0.879675 0.011173 0.016260
7 0.398244 0.883740 0.009577 0.021138
4 0.840782 0.716260 0.027933 0.030894
4 0.051476 0.594309 0.031125 0.024390
4 0.761373 0.286992 0.022346 0.021138
4 0.813248 0.144715 0.027135 0.019512
2 0.863128 0.913008 0.128492 0.118699
3 0.715483 0.604878 0.075818 0.087805
3 0.085794 0.275610 0.075818 0.056911
3 0.806864 0.395935 0.070231 0.056911
1 0.237031 0.708130 0.068635 0.063415
1 0.727853 0.248780 0.059058 0.045528
0 0.250998 0.495122 0.059856 0.047154
0 0.823623 0.321138 0.065443 0.056911
0 0.906225 0.304065 0.056664 0.052033
0 0.772945 0.576423 0.059856 0.076423
0 0.798484 0.675610 0.055068 0.076423
0 0.845571 0.643902 0.058260 0.074797
0 0.923384 0.711382 0.060654 0.076423
7 0.981644 0.649593 0.014366 0.017886
0 0.611333 0.247059 0.049481 0.043697
0 0.290503 0.384034 0.028731 0.082353
