0 0.276562 0.405556 0.053646 0.047222
0 0.881120 0.908102 0.055990 0.063426
0 0.955339 0.878935 0.059115 0.056944
1 0.958464 0.772222 0.079948 0.094444
1 0.767839 0.956019 0.059115 0.075000
2 0.188281 0.511343 0.148438 0.063426
4 0.086589 0.508102 0.032552 0.020833
4 0.808854 0.138889 0.028125 0.021296
7 0.482031 0.151389 0.007812 0.019444
7 0.406510 0.878241 0.011979 0.019444
7 0.289714 0.821991 0.012760 0.018056
7 0.196615 0.809722 0.011979 0.019444
7 0.493359 0.156019 0.007552 0.016667
7 0.341181 0.844538 0.010375 0.018487
7 0.273743 0.800840 0.012769 0.018487
0 0.610934 0.245378 0.047087 0.043697
0 0.114126 0.288235 0.057462 0.042017
0 0.043496 0.499160 0.051875 0.043697
0 0.368715 0.793277 0.057462 0.063866
