7 0.473663 0.129268 0.010375 0.024390
7 0.465283 0.134146 0.011173 0.017886
7 0.482043 0.170732 0.009577 0.016260
7 0.405826 0.879675 0.008779 0.019512
6 0.676377 0.849593 0.032721 0.043902
4 0.590184 0.296748 0.026337 0.027642
4 0.802474 0.143902 0.029529 0.021138
2 0.410615 0.195122 0.061453 0.221138
0 0.731844 0.607317 0.054270 0.063415
1 0.830806 0.624390 0.067039 0.081301
7 0.496409 0.151220 0.012769 0.019512
0 0.034318 0.494309 0.051077 0.042276
7 0.341979 0.838655 0.010375 0.020168
2 0.193935 0.505882 0.134078 0.063866
0 0.607342 0.247899 0.047885 0.042017
0 0.710694 0.311765 0.058260 0.045378
0 0.810854 0.311765 0.051077 0.045378
0 0.899840 0.304202 0.061453 0.047059
0 0.893456 0.372269 0.045491 0.042017
0 0.444533 0.811765 0.054270 0.050420
1 0.738627 0.551261 0.055068 0.067227
0 0.796488 0.659664 0.052674 0.062185
