4 0.504389 0.779675 0.027135 0.021138
4 0.936951 0.378049 0.028731 0.030894
4 0.802474 0.143089 0.031125 0.022764
5 0.712291 0.493496 0.027933 0.021138
7 0.345571 0.837398 0.011173 0.019512
7 0.472466 0.109756 0.009577 0.021138
1 0.766959 0.570732 0.067039 0.078049
1 0.703113 0.589431 0.067039 0.082927
3 0.863528 0.925203 0.073424 0.091057
0 0.791301 0.651220 0.056664 0.069919
0 0.857941 0.701626 0.057462 0.069919
0 0.954110 0.782927 0.061453 0.073171
7 0.788907 0.204878 0.010375 0.022764
0 0.924182 0.289076 0.054270 0.043697
0 0.819234 0.297479 0.051875 0.047059
0 0.608540 0.248739 0.043895 0.040336
0 0.729449 0.394118 0.052674 0.045378
0 0.446129 0.810084 0.054270 0.053782
6 0.227055 0.500840 0.039106 0.033613
7 0.464485 0.141176 0.011173 0.023529
7 0.638468 0.174790 0.011173 0.023529
7 0.407023 0.878992 0.009577 0.020168
7 0.254988 0.794958 0.011971 0.020168
