7 0.172785 0.237398 0.011971 0.016260
7 0.114525 0.226016 0.018356 0.019512
7 0.411812 0.884553 0.007981 0.022764
7 0.403033 0.892683 0.006385 0.022764
7 0.959298 0.200000 0.014366 0.022764
6 0.304469 0.431707 0.029529 0.056911
4 0.760974 0.317886 0.029529 0.021138
3 0.769354 0.411382 0.071828 0.058537
0 0.202713 0.508943 0.057462 0.045528
0 0.442538 0.828455 0.056664 0.056911
0 0.729449 0.620325 0.055866 0.073171
0 0.883480 0.748780 0.060654 0.073171
0 0.838388 0.313008 0.061453 0.047154
0 0.911014 0.305691 0.063049 0.052033
0 0.709896 0.252846 0.053472 0.043902
0 0.614126 0.251220 0.048683 0.043902
0 0.122506 0.318699 0.050279 0.045528
7 0.942937 0.196748 0.013567 0.019512
1 0.256697 0.338198 0.073342 0.059216
1 0.808081 0.677231 0.069390 0.081735
7 0.986433 0.142857 0.020750 0.023529
4 0.815642 0.143697 0.030327 0.018487
1 0.501596 0.449580 0.066241 0.055462
