0 0.207901 0.509756 0.059856 0.047154
0 0.225060 0.652846 0.060654 0.060163
0 0.796488 0.591057 0.052674 0.063415
0 0.835196 0.694309 0.059856 0.071545
0 0.875499 0.655285 0.055866 0.078049
0 0.916999 0.764228 0.060654 0.078049
0 0.947725 0.709756 0.061453 0.076423
4 0.727853 0.543089 0.030327 0.032520
7 0.478452 0.134959 0.008779 0.022764
7 0.475259 0.158537 0.011971 0.024390
7 0.085395 0.793496 0.019154 0.026016
7 0.341181 0.838211 0.013567 0.021138
0 0.058659 0.503252 0.050279 0.047154
6 0.060255 0.276471 0.037510 0.038655
6 0.274940 0.494958 0.037510 0.035294
4 0.549082 0.272269 0.025539 0.030252
0 0.607741 0.245378 0.047087 0.043697
0 0.462490 0.367227 0.055068 0.042017
0 0.174781 0.363866 0.054270 0.042017
0 0.140463 0.505042 0.055866 0.045378
0 0.509178 0.830252 0.055866 0.053782
0 0.443336 0.813445 0.056664 0.053782
7 0.405028 0.884034 0.010375 0.023529
4 0.803272 0.142017 0.027933 0.018487
5 0.286911 0.607563 0.024741 0.018487
1 0.733041 0.611765 0.069433 0.080672
