0 0.064246 0.504878 0.055068 0.047154
0 0.139665 0.504065 0.057462 0.052033
0 0.208300 0.508943 0.060654 0.045528
0 0.334397 0.404065 0.057462 0.050407
0 0.468077 0.383740 0.058260 0.065041
0 0.553472 0.479675 0.055068 0.065041
0 0.667199 0.490244 0.054270 0.069919
0 0.883480 0.652846 0.051077 0.063415
4 0.802873 0.141463 0.028731 0.026016
7 0.407422 0.882114 0.011971 0.021138
7 0.468077 0.129268 0.011971 0.024390
6 0.275738 0.494118 0.039106 0.033613
0 0.608540 0.244538 0.045491 0.045378
0 0.200319 0.315126 0.049481 0.042017
0 0.444134 0.812605 0.055068 0.052101
1 0.106145 0.398319 0.063847 0.050420
1 0.858739 0.936134 0.063847 0.063866
1 0.792897 0.653782 0.066241 0.080672
1 0.711093 0.855462 0.054270 0.060504
7 0.341181 0.837815 0.010375 0.021849
