1 0.728651 0.249593 0.060654 0.047154
7 0.537111 0.183740 0.009577 0.019512
7 0.481245 0.156911 0.006385 0.021138
7 0.227853 0.443089 0.015164 0.014634
7 0.185156 0.814634 0.011173 0.019512
7 0.267358 0.809756 0.012769 0.016260
7 0.288508 0.828455 0.010375 0.017886
7 0.335994 0.927642 0.009577 0.021138
7 0.401437 0.882927 0.006385 0.019512
4 0.813647 0.144715 0.026337 0.019512
4 0.762171 0.289431 0.025539 0.029268
4 0.270950 0.485366 0.031125 0.021138
0 0.824421 0.321138 0.062251 0.050407
0 0.905427 0.306504 0.055068 0.047154
0 0.725858 0.566667 0.056664 0.069919
0 0.376297 0.409756 0.056664 0.052033
0 0.089385 0.503252 0.060654 0.050407
0 0.064645 0.363415 0.060654 0.053659
3 0.169593 0.506504 0.075818 0.053659
0 0.024594 0.487907 0.048309 0.040033
7 0.080588 0.188490 0.019763 0.018349
3 0.122107 0.274790 0.073424 0.055462
0 0.612131 0.247899 0.049481 0.042017
