4 0.815642 0.147154 0.027135 0.021138
4 0.911413 0.388618 0.023943 0.019512
4 0.741820 0.402439 0.027933 0.021138
6 0.091780 0.512195 0.044693 0.032520
7 0.008779 0.231707 0.012769 0.014634
7 0.113727 0.226829 0.013567 0.021138
7 0.097366 0.256911 0.012769 0.016260
7 0.719872 0.195935 0.014366 0.017886
7 0.705906 0.278049 0.011971 0.026016
7 0.401836 0.918699 0.011971 0.022764
0 0.976057 0.312195 0.044693 0.042276
0 0.857941 0.320325 0.051077 0.042276
0 0.311253 0.471545 0.055866 0.065041
0 0.709497 0.255285 0.052674 0.039024
1 0.764565 0.579675 0.070231 0.082927
2 0.889465 0.677236 0.154030 0.160976
3 0.792498 0.680488 0.075020 0.089431
7 0.407023 0.899187 0.011173 0.019512
6 0.914605 0.305882 0.046289 0.040336
5 0.774541 0.436975 0.024741 0.023529
0 0.613727 0.253782 0.047885 0.043697
