4 0.551476 0.624390 0.028731 0.022764
0 0.345571 0.060976 0.035116 0.112195
0 0.502793 0.561789 0.057462 0.050407
0 0.859537 0.582114 0.057462 0.048780
0 0.583799 0.869106 0.035914 0.108943
4 0.112530 0.257983 0.011173 0.035294
4 0.127694 0.252941 0.009577 0.031933
4 0.986832 0.273109 0.023144 0.021849
0 0.545491 0.350420 0.056664 0.052101
0 0.682761 0.333613 0.053472 0.052101
0 0.709896 0.386555 0.059856 0.050420
0 0.790902 0.380672 0.062251 0.052101
0 0.855946 0.310924 0.066241 0.047059
0 0.882283 0.365546 0.063049 0.045378
0 0.967279 0.368067 0.060654 0.047059
0 0.621708 0.827731 0.028731 0.092437
0 0.600559 0.969748 0.024741 0.053782
0 0.374701 0.403361 0.050279 0.050420
0 0.357542 0.188235 0.031923 0.104202
0 0.327614 0.631933 0.048683 0.043697
0 0.229050 0.578151 0.057462 0.047059
0 0.209497 0.652941 0.047087 0.045378
0 0.114126 0.595798 0.063847 0.052101
0 0.083799 0.668908 0.057462 0.047059
