7 0.824820 0.214286 0.008779 0.017657
7 0.828013 0.203852 0.008779 0.012841
7 0.864326 0.193419 0.012769 0.017657
7 0.864725 0.204655 0.011971 0.014446
4 0.195132 0.372392 0.029529 0.028892
4 0.919792 0.559390 0.029529 0.033708
5 0.327614 0.647673 0.019952 0.024077
0 0.942538 0.364706 0.054270 0.047059
0 0.736632 0.310084 0.065443 0.058824
0 0.800080 0.522689 0.056664 0.047059
0 0.577813 0.389076 0.052674 0.045378
0 0.606544 0.315126 0.046289 0.042017
0 0.350758 0.123529 0.032721 0.099160
0 0.361532 0.348739 0.052674 0.045378
0 0.212291 0.589916 0.063847 0.050420
0 0.500399 0.632773 0.051077 0.042017
0 0.545890 0.825210 0.033520 0.104202
0 0.564246 0.948739 0.031923 0.089076
0 0.415802 0.964706 0.055866 0.067227
1 0.361133 0.409244 0.072626 0.055462
4 0.571828 0.801681 0.015164 0.047059
4 0.156026 0.590756 0.032721 0.021849
4 0.112530 0.256303 0.011173 0.031933
4 0.127294 0.252941 0.010375 0.028571
