0 0.347167 0.060163 0.035116 0.110569
0 0.359138 0.187805 0.033520 0.105691
0 0.532721 0.604065 0.037510 0.099187
0 0.510375 0.694309 0.039106 0.087805
4 0.466879 0.488618 0.015962 0.050407
4 0.694733 0.626829 0.021548 0.037398
3 0.584597 0.816260 0.047087 0.126829
0 0.470870 0.381513 0.039904 0.100840
0 0.342378 0.390756 0.060654 0.072269
0 0.148444 0.589916 0.059058 0.047059
0 0.237430 0.587395 0.058260 0.048739
0 0.244214 0.645378 0.059058 0.050420
0 0.628891 0.771429 0.027135 0.094118
0 0.643256 0.966387 0.031923 0.060504
4 0.112131 0.257983 0.011971 0.035294
4 0.125299 0.254622 0.009577 0.028571
7 0.239026 0.282353 0.010375 0.023529
7 0.420990 0.965546 0.010375 0.028571
2 0.896648 0.565546 0.128492 0.075630
