4 0.598563 0.306581 0.025539 0.025682
7 0.242618 0.310594 0.011173 0.027287
7 0.632881 0.222689 0.009577 0.011765
7 0.636872 0.220168 0.011173 0.026891
6 0.413009 0.561345 0.034318 0.053782
5 0.381484 0.708403 0.020750 0.035294
5 0.184757 0.659664 0.026337 0.021849
4 0.167598 0.262185 0.020750 0.036975
1 0.043097 0.606723 0.084597 0.060504
0 0.085395 0.389076 0.057462 0.045378
0 0.342378 0.046218 0.033520 0.092437
0 0.383879 0.067227 0.036712 0.104202
0 0.349960 0.193277 0.034318 0.107563
0 0.688747 0.313445 0.063847 0.052101
0 0.766560 0.310924 0.055068 0.047059
0 0.859537 0.302521 0.059058 0.047059
0 0.944134 0.288235 0.065443 0.052101
0 0.714286 0.389916 0.059058 0.050420
0 0.802075 0.378151 0.054270 0.043697
0 0.241820 0.648739 0.057462 0.050420
0 0.224262 0.590756 0.054270 0.045378
0 0.152434 0.588235 0.059058 0.050420
0 0.111333 0.662185 0.058260 0.050420
0 0.027534 0.661345 0.055068 0.045378
4 0.110934 0.256303 0.012769 0.038655
4 0.124900 0.253782 0.010375 0.030252
