5 0.207901 0.662921 0.019952 0.019262
4 0.272147 0.620385 0.033520 0.027287
7 0.728651 0.241573 0.009577 0.014446
7 0.729848 0.228732 0.011971 0.011236
7 0.734637 0.223114 0.007183 0.012841
0 0.282921 0.852033 0.056664 0.048780
7 0.744214 0.229412 0.010375 0.011765
7 0.747007 0.239496 0.007981 0.015126
0 0.924182 0.282353 0.049481 0.040336
0 0.687151 0.310924 0.054270 0.043697
0 0.349162 0.238655 0.031125 0.104202
0 0.186353 0.413445 0.055068 0.057143
0 0.210694 0.591597 0.062251 0.050420
0 0.287709 0.580672 0.059856 0.048739
0 0.545092 0.828571 0.035116 0.100840
0 0.564645 0.952101 0.032721 0.092437
0 0.262570 0.653782 0.052674 0.047059
1 0.732243 0.371429 0.074222 0.057143
3 0.441740 0.877311 0.032721 0.117647
4 0.612929 0.303361 0.027135 0.021849
4 0.490822 0.431092 0.025539 0.035294
4 0.373105 0.499160 0.015164 0.047059
4 0.068635 0.633613 0.030327 0.020168
4 0.112530 0.257143 0.012769 0.036975
4 0.125698 0.251261 0.010375 0.031933
