0 0.742578 0.383565 0.066406 0.057870
7 0.747007 0.643697 0.015962 0.016807
7 0.440144 0.010084 0.010375 0.020168
6 0.338388 0.117647 0.023943 0.067227
4 0.124102 0.311765 0.019952 0.038655
4 0.125299 0.254622 0.009577 0.028571
0 0.558260 0.884874 0.032721 0.105882
0 0.596967 0.904202 0.033520 0.094118
0 0.624900 0.851261 0.031923 0.105882
0 0.114525 0.434454 0.055068 0.045378
0 0.394254 0.348739 0.052674 0.045378
0 0.485634 0.412605 0.053472 0.048739
0 0.569832 0.338655 0.059058 0.048739
0 0.745411 0.314286 0.057462 0.047059
0 0.901437 0.363025 0.059856 0.047059
4 0.602554 0.452941 0.027135 0.028571
4 0.111333 0.257143 0.011971 0.033613
