5 0.257812 0.682176 0.031771 0.029167
5 0.185156 0.659722 0.025521 0.025926
0 0.960495 0.287395 0.064645 0.053782
0 0.860734 0.298319 0.059856 0.048739
0 0.818835 0.378151 0.054270 0.047059
0 0.766161 0.310084 0.057462 0.048739
0 0.689545 0.315966 0.059058 0.050420
0 0.715084 0.391597 0.059058 0.047059
0 0.501995 0.451261 0.044693 0.102521
0 0.427773 0.260504 0.039904 0.094118
0 0.349561 0.193277 0.033520 0.107563
0 0.347965 0.412605 0.055866 0.068908
0 0.213089 0.414286 0.054270 0.048739
0 0.243416 0.648739 0.060654 0.047059
0 0.224661 0.591597 0.055068 0.043697
0 0.154429 0.587395 0.058260 0.048739
0 0.027534 0.663025 0.055068 0.042017
0 0.112929 0.662185 0.056664 0.043697
1 0.028332 0.609244 0.056664 0.052101
4 0.599761 0.307563 0.026337 0.026891
4 0.168396 0.263866 0.017558 0.033613
4 0.126097 0.252941 0.009577 0.028571
4 0.112530 0.257143 0.011173 0.033613
6 0.573424 0.965546 0.024741 0.065546
7 0.245012 0.306723 0.011173 0.018487
7 0.634477 0.215966 0.007981 0.018487
7 0.641261 0.215126 0.010375 0.016807
