7 0.902995 0.203241 0.016927 0.019444
0 0.508724 0.527546 0.047135 0.082870
0 0.633984 0.330093 0.051823 0.045370
0 0.543880 0.796759 0.032552 0.094444
0 0.585417 0.847917 0.035937 0.108796
0 0.560677 0.937269 0.034375 0.095833
7 0.902214 0.693519 0.016927 0.021296
0 0.642578 0.948843 0.042448 0.102315
4 0.112929 0.263025 0.010375 0.035294
0 0.091381 0.602521 0.059856 0.045378
0 0.240623 0.646218 0.059856 0.048739
0 0.627694 0.408403 0.058260 0.060504
4 0.126895 0.256303 0.007981 0.028571
2 0.341181 0.110084 0.063049 0.220168
