0 0.697526 0.385366 0.054270 0.045528
0 0.942139 0.291057 0.067837 0.052033
0 0.778931 0.577236 0.055866 0.058537
0 0.637670 0.699187 0.041500 0.107317
7 0.339984 0.243902 0.014366 0.016260
5 0.328013 0.679675 0.025539 0.022764
7 0.648444 0.349593 0.011971 0.022764
4 0.677973 0.314634 0.029529 0.024390
4 0.945331 0.340650 0.029529 0.027642
4 0.013966 0.611382 0.027933 0.022764
0 0.361133 0.895935 0.053472 0.078049
0 0.821628 0.375630 0.056664 0.048739
0 0.872306 0.311765 0.051077 0.045378
0 0.898643 0.367227 0.062251 0.048739
4 0.112530 0.262185 0.009577 0.033613
4 0.126496 0.256303 0.010375 0.028571
0 0.751796 0.322689 0.055866 0.050420
