7 0.957702 0.218699 0.012769 0.014634
7 0.763767 0.713821 0.014366 0.019512
0 0.250200 0.417073 0.048683 0.047154
0 0.545491 0.800000 0.032721 0.100813
0 0.586592 0.849593 0.035116 0.108943
0 0.561453 0.938211 0.034318 0.094309
1 0.649242 0.668293 0.056664 0.133333
1 0.861532 0.360976 0.093376 0.071545
2 0.343974 0.111382 0.060654 0.219512
0 0.453312 0.816807 0.025539 0.104202
0 0.240623 0.647059 0.059856 0.047059
0 0.208699 0.589076 0.056664 0.045378
7 0.976457 0.690756 0.018356 0.020168
4 0.113727 0.262185 0.011971 0.033613
4 0.128093 0.257983 0.010375 0.031933
