4 0.167598 0.262440 0.022346 0.043339
0 0.913807 0.565546 0.063847 0.048739
0 0.764565 0.589916 0.049481 0.043697
0 0.707103 0.538655 0.047885 0.042017
0 0.626496 0.753782 0.028731 0.109244
0 0.590583 0.888235 0.033520 0.099160
0 0.556664 0.897479 0.034318 0.100840
0 0.439346 0.827731 0.040702 0.099160
0 0.433360 0.559664 0.055866 0.047059
0 0.314844 0.586555 0.048683 0.047059
0 0.189146 0.588235 0.054270 0.047059
5 0.893057 0.614286 0.025539 0.018487
5 0.509178 0.749580 0.017558 0.033613
5 0.164006 0.680672 0.027933 0.020168
4 0.111333 0.258824 0.011971 0.030252
4 0.124900 0.250420 0.010375 0.023529
