7 0.584597 0.222311 0.008779 0.014446
5 0.205906 0.662119 0.020750 0.024077
0 0.563448 0.951261 0.030327 0.087395
0 0.543895 0.828571 0.034318 0.100840
0 0.261772 0.654622 0.054270 0.045378
0 0.285714 0.584874 0.059058 0.050420
0 0.083799 0.368908 0.054270 0.042017
0 0.366321 0.184874 0.038308 0.104202
4 0.379090 0.052101 0.014366 0.050420
4 0.870710 0.304202 0.030327 0.020168
4 0.110535 0.255462 0.011971 0.036975
4 0.124501 0.251261 0.009577 0.031933
6 0.340383 0.326050 0.021548 0.063866
7 0.590583 0.248739 0.009577 0.023529
7 0.588587 0.202521 0.008779 0.021849
