4 0.803272 0.386838 0.031125 0.032103
0 0.966480 0.294543 0.063847 0.052970
0 0.454509 0.707063 0.037510 0.107544
0 0.558260 0.885714 0.032721 0.107563
0 0.596568 0.904202 0.029529 0.090756
0 0.142458 0.393277 0.055068 0.047059
0 0.699920 0.596639 0.054270 0.067227
0 0.628891 0.331092 0.057462 0.050420
0 0.743815 0.384034 0.055866 0.048739
0 0.846768 0.300000 0.055866 0.045378
0 0.951716 0.365546 0.059856 0.048739
4 0.123703 0.305882 0.019154 0.036975
4 0.124501 0.251261 0.011173 0.028571
6 0.337590 0.115966 0.022346 0.073950
7 0.451716 0.113445 0.011173 0.025210
7 0.749401 0.643697 0.015962 0.020168
4 0.110535 0.257143 0.011971 0.033613
