7 0.665603 0.802568 0.014366 0.025682
0 0.968077 0.363866 0.062251 0.045378
0 0.940543 0.290756 0.064645 0.050420
0 0.859537 0.300000 0.060654 0.048739
0 0.766560 0.309244 0.053472 0.043697
0 0.688747 0.314286 0.062251 0.050420
0 0.713887 0.391597 0.058260 0.047059
0 0.802075 0.377311 0.054270 0.045378
0 0.558260 0.884034 0.032721 0.104202
0 0.224262 0.589916 0.055866 0.050420
0 0.153631 0.586555 0.059856 0.047059
0 0.029130 0.660504 0.056664 0.047059
0 0.113727 0.660504 0.058260 0.047059
0 0.243017 0.647899 0.058260 0.048739
1 0.044294 0.602521 0.088587 0.062185
4 0.105347 0.694958 0.030327 0.021849
4 0.330407 0.654622 0.030327 0.018487
4 0.598164 0.305882 0.023144 0.023529
4 0.835994 0.263866 0.031125 0.026891
4 0.850758 0.381513 0.030327 0.026891
5 0.187550 0.661345 0.025539 0.018487
4 0.168795 0.260504 0.019952 0.033613
4 0.125299 0.247899 0.009577 0.028571
4 0.112131 0.256303 0.010375 0.038655
7 0.794094 0.231092 0.012769 0.018487
7 0.786512 0.217647 0.008779 0.015126
