0 0.697917 0.384722 0.050521 0.047222
0 0.608203 0.335648 0.059115 0.047222
0 0.545443 0.796759 0.030990 0.100926
0 0.561458 0.937269 0.031250 0.095833
7 0.736979 0.235648 0.013542 0.019444
0 0.976953 0.358565 0.045573 0.042130
4 0.112929 0.259664 0.010375 0.031933
4 0.126496 0.254622 0.010375 0.031933
1 0.099761 0.605882 0.070231 0.058824
0 0.103352 0.398319 0.055068 0.047059
0 0.170790 0.661345 0.055866 0.048739
0 0.577414 0.556303 0.056664 0.050420
0 0.849162 0.526050 0.052674 0.047059
0 0.809657 0.370588 0.056664 0.048739
0 0.897446 0.364706 0.061453 0.050420
0 0.973264 0.568067 0.048683 0.047059
2 0.341181 0.110084 0.063049 0.220168
