7 0.946129 0.207865 0.010375 0.014446
5 0.601756 0.639647 0.020750 0.024077
4 0.689146 0.540128 0.031125 0.027287
4 0.338787 0.040931 0.018356 0.043339
0 0.545491 0.825843 0.034318 0.104334
0 0.351157 0.125210 0.031923 0.095798
0 0.191141 0.390756 0.056664 0.052101
0 0.721868 0.386555 0.051875 0.043697
0 0.833998 0.376471 0.060654 0.050420
0 0.847965 0.532773 0.058260 0.047059
0 0.608540 0.593277 0.045491 0.043697
0 0.368715 0.623529 0.055866 0.050420
0 0.293695 0.573109 0.059058 0.047059
0 0.169194 0.600000 0.055866 0.047059
0 0.341181 0.870588 0.056664 0.057143
0 0.565044 0.949580 0.031923 0.094118
1 0.064645 0.600000 0.060654 0.047059
4 0.113727 0.257143 0.011971 0.033613
4 0.128093 0.253782 0.010375 0.030252
4 0.334796 0.205882 0.013567 0.052101
4 0.436951 0.552941 0.027933 0.026891
4 0.573025 0.804202 0.014366 0.052101
7 0.892658 0.220168 0.010375 0.013445
7 0.895451 0.205042 0.011173 0.016807
7 0.901437 0.196639 0.011971 0.013445
7 0.945730 0.219328 0.015962 0.015126
