6 0.600958 0.950241 0.030327 0.073836
4 0.167199 0.263866 0.019952 0.026891
4 0.411014 0.919328 0.019154 0.043697
4 0.981644 0.279832 0.030327 0.028571
0 0.339186 0.100840 0.033520 0.107563
0 0.584996 0.855462 0.035116 0.100840
0 0.557861 0.900000 0.035116 0.102521
0 0.243017 0.649580 0.059856 0.048739
5 0.185954 0.661345 0.022346 0.021849
0 0.224262 0.592437 0.054270 0.048739
0 0.152833 0.589076 0.058260 0.052101
0 0.111333 0.663025 0.056664 0.045378
4 0.124102 0.247899 0.011971 0.025210
4 0.110934 0.253782 0.012769 0.033613
