4 0.653631 0.699037 0.019154 0.059390
4 0.701516 0.300161 0.031923 0.025682
7 0.566241 0.199160 0.007183 0.015126
7 0.570231 0.207563 0.010375 0.021849
7 0.247406 0.278151 0.011173 0.018487
6 0.539505 0.609244 0.023943 0.065546
5 0.186353 0.658824 0.026337 0.023529
4 0.168795 0.262185 0.019952 0.033613
0 0.898643 0.368908 0.059058 0.045378
0 0.783320 0.304202 0.059856 0.050420
0 0.350359 0.189076 0.035116 0.105882
0 0.490423 0.463866 0.043895 0.097479
0 0.479250 0.611765 0.047087 0.090756
0 0.585395 0.828571 0.035914 0.110924
0 0.547087 0.841176 0.035914 0.109244
0 0.241022 0.650420 0.057462 0.047059
0 0.223863 0.590756 0.055068 0.045378
0 0.152434 0.589916 0.057462 0.050420
0 0.111333 0.663025 0.058260 0.052101
4 0.110535 0.256303 0.010375 0.031933
4 0.124900 0.250420 0.010375 0.026891
