4 0.816042 0.293740 0.031125 0.028892
4 0.167598 0.260835 0.023943 0.040128
7 0.529529 0.193419 0.011971 0.030498
7 0.286512 0.205691 0.012769 0.024390
0 0.350359 0.191597 0.035116 0.104202
0 0.566640 0.757983 0.036712 0.104202
0 0.546289 0.834454 0.034318 0.102521
0 0.242219 0.650420 0.058260 0.047059
0 0.112530 0.663866 0.059058 0.047059
0 0.152833 0.591597 0.058260 0.047059
0 0.223863 0.593277 0.053472 0.047059
5 0.184757 0.660504 0.026337 0.020168
6 0.591780 0.889076 0.024741 0.070588
4 0.110934 0.254622 0.011173 0.031933
4 0.124501 0.251261 0.009577 0.025210
