0 0.582602 0.869106 0.035116 0.105691
0 0.673583 0.317647 0.049481 0.047059
0 0.703911 0.375630 0.059058 0.048739
0 0.752594 0.313445 0.046289 0.042017
0 0.790503 0.378992 0.058260 0.045378
0 0.814445 0.303361 0.053472 0.045378
0 0.865922 0.372269 0.060654 0.048739
0 0.239425 0.645378 0.059058 0.043697
0 0.205906 0.588235 0.057462 0.043697
0 0.120910 0.596639 0.063049 0.050420
0 0.148843 0.663025 0.056664 0.042017
0 0.027135 0.612605 0.052674 0.042017
4 0.111732 0.262185 0.012769 0.033613
4 0.125299 0.254622 0.009577 0.028571
