4 0.842777 0.581059 0.033520 0.028892
4 0.778132 0.581862 0.038308 0.030498
4 0.918196 0.575441 0.032721 0.024077
5 0.705507 0.635294 0.023943 0.020168
5 0.509976 0.752941 0.019154 0.036975
4 0.166002 0.263866 0.017558 0.033613
4 0.123703 0.250420 0.011173 0.030252
4 0.110136 0.257143 0.011173 0.033613
0 0.099761 0.595798 0.054270 0.048739
0 0.206704 0.650420 0.057462 0.047059
0 0.364725 0.563866 0.047885 0.045378
0 0.403831 0.631933 0.052674 0.047059
0 0.555866 0.610084 0.063049 0.053782
0 0.646049 0.540336 0.056664 0.045378
0 0.790902 0.520168 0.049481 0.048739
0 0.627694 0.756303 0.029529 0.107563
0 0.558260 0.900840 0.035914 0.100840
0 0.591780 0.889916 0.034318 0.102521
