4 0.017578 0.370139 0.030469 0.027315
7 0.749401 0.653782 0.014366 0.020168
6 0.338388 0.115126 0.022346 0.068908
5 0.587390 0.638655 0.025539 0.016807
4 0.850359 0.379832 0.029529 0.023529
4 0.166800 0.268067 0.022346 0.018487
4 0.111732 0.256303 0.011173 0.031933
1 0.326816 0.578151 0.077414 0.060504
0 0.920192 0.571429 0.057462 0.043697
0 0.934956 0.514286 0.051875 0.043697
0 0.966879 0.363025 0.063049 0.043697
0 0.851556 0.302521 0.057462 0.047059
0 0.802075 0.378151 0.054270 0.043697
0 0.714685 0.390756 0.056664 0.048739
0 0.705906 0.321008 0.059856 0.053782
0 0.572626 0.328571 0.055068 0.045378
0 0.618117 0.544538 0.055068 0.043697
0 0.546688 0.608403 0.054270 0.050420
0 0.557063 0.883193 0.033520 0.102521
0 0.318436 0.404202 0.051077 0.048739
0 0.310455 0.638655 0.047885 0.043697
0 0.165603 0.657143 0.047087 0.040336
0 0.158819 0.586555 0.062251 0.047059
0 0.025539 0.610924 0.049481 0.045378
0 0.018356 0.669748 0.036712 0.042017
4 0.126097 0.252941 0.011173 0.025210
