5 0.840365 0.619676 0.033333 0.029167
0 0.558659 0.883193 0.033520 0.109244
0 0.940543 0.563866 0.053472 0.045378
0 0.966081 0.362185 0.061453 0.045378
0 0.819234 0.315126 0.056664 0.045378
0 0.802075 0.376471 0.054270 0.043697
0 0.714286 0.389916 0.057462 0.043697
0 0.644054 0.605042 0.044693 0.043697
0 0.501596 0.341176 0.055068 0.053782
0 0.339585 0.406723 0.056664 0.050420
0 0.176776 0.377311 0.051875 0.045378
0 0.468476 0.631092 0.044693 0.045378
0 0.446129 0.559664 0.057462 0.047059
0 0.257781 0.584034 0.057462 0.045378
0 0.256983 0.647899 0.054270 0.045378
0 0.088188 0.599160 0.064645 0.045378
1 0.706305 0.538655 0.073424 0.058824
4 0.850359 0.379832 0.031125 0.020168
4 0.167997 0.257143 0.019952 0.033613
4 0.125698 0.252941 0.010375 0.028571
4 0.112131 0.258824 0.010375 0.030252
4 0.165603 0.660504 0.032721 0.023529
6 0.338388 0.117647 0.022346 0.070588
7 0.434956 0.095798 0.009577 0.020168
7 0.750200 0.652941 0.012769 0.018487
