7 0.645650 0.464228 0.009577 0.024390
7 0.397047 0.216260 0.011971 0.019512
4 0.679569 0.312195 0.027933 0.026016
4 0.947725 0.339024 0.026337 0.021138
4 0.252594 0.581301 0.029529 0.024390
5 0.328013 0.676423 0.025539 0.026016
0 0.091780 0.667480 0.055866 0.050407
0 0.697526 0.386179 0.052674 0.043902
0 0.899441 0.365041 0.063847 0.050407
0 0.900638 0.526891 0.059856 0.048739
0 0.752594 0.321849 0.055866 0.052101
0 0.821229 0.375630 0.057462 0.048739
0 0.871907 0.312605 0.050279 0.043697
0 0.940942 0.290756 0.067039 0.050420
4 0.112929 0.261345 0.011971 0.035294
4 0.126097 0.257143 0.009577 0.026891
