5 0.207552 0.660417 0.019271 0.020833
4 0.263411 0.625231 0.033594 0.027315
0 0.361849 0.895602 0.054948 0.065278
0 0.264974 0.655787 0.051302 0.046759
7 0.759777 0.232773 0.009577 0.018487
7 0.764565 0.219328 0.011173 0.018487
7 0.782921 0.215126 0.009577 0.016807
7 0.785315 0.220168 0.009577 0.013445
4 0.112530 0.257143 0.009577 0.033613
4 0.126097 0.253782 0.009577 0.026891
4 0.780926 0.579832 0.024741 0.023529
4 0.614126 0.304202 0.026337 0.026891
4 0.573424 0.809244 0.015164 0.048739
4 0.317239 0.629412 0.027933 0.025210
0 0.107342 0.440336 0.058260 0.050420
0 0.351157 0.121849 0.033520 0.099160
0 0.210694 0.593277 0.060654 0.050420
0 0.286911 0.583193 0.059856 0.047059
0 0.265762 0.841176 0.055866 0.055462
0 0.564246 0.952101 0.031923 0.092437
0 0.545092 0.827731 0.033520 0.102521
0 0.686752 0.310084 0.055068 0.045378
0 0.804868 0.288235 0.047087 0.042017
0 0.954110 0.358824 0.058260 0.048739
1 0.720271 0.372269 0.071030 0.055462
