4 0.165885 0.259259 0.025521 0.043519
5 0.776935 0.275630 0.024741 0.023529
0 0.709497 0.383193 0.054270 0.043697
0 0.672785 0.317647 0.063847 0.050420
0 0.414206 0.506723 0.052674 0.085714
0 0.427374 0.250420 0.037510 0.094118
0 0.358739 0.186555 0.034318 0.107563
0 0.259377 0.425210 0.054270 0.047059
0 0.236632 0.586555 0.050279 0.047059
0 0.058260 0.598319 0.054270 0.047059
0 0.031923 0.675630 0.060654 0.050420
0 0.109737 0.658824 0.053472 0.043697
0 0.177574 0.651261 0.063049 0.048739
0 0.239425 0.642017 0.055866 0.043697
1 0.151636 0.596639 0.067039 0.050420
4 0.149641 0.629412 0.023144 0.025210
4 0.124501 0.252101 0.011173 0.026891
4 0.110934 0.255462 0.011173 0.030252
0 0.322825 0.861345 0.034318 0.045378
