7 0.677973 0.898374 0.008779 0.024390
7 0.617717 0.223577 0.009577 0.021138
4 0.821229 0.582927 0.028731 0.024390
4 0.578212 0.355285 0.031125 0.027642
0 0.395451 0.126016 0.031125 0.092683
0 0.545092 0.796748 0.031923 0.100813
0 0.561453 0.938211 0.032721 0.097561
0 0.597765 0.545528 0.054270 0.047154
5 0.930966 0.609756 0.027933 0.022764
4 0.111732 0.259664 0.012769 0.035294
4 0.126895 0.257143 0.009577 0.030252
1 0.578611 0.617647 0.063847 0.055462
0 0.274940 0.831933 0.048683 0.043697
0 0.047087 0.613445 0.062251 0.047059
0 0.248603 0.591597 0.051875 0.047059
0 0.397047 0.355462 0.058260 0.052101
0 0.697127 0.384874 0.048683 0.047059
0 0.713089 0.316807 0.059856 0.048739
0 0.785714 0.530252 0.050279 0.042017
0 0.820830 0.374790 0.055068 0.050420
0 0.897047 0.364706 0.062251 0.050420
