0 0.582602 0.868293 0.036712 0.110569
0 0.407422 0.957724 0.055068 0.078049
4 0.112131 0.259664 0.011971 0.031933
4 0.126097 0.255462 0.009577 0.030252
0 0.618915 0.321849 0.050279 0.045378
0 0.660016 0.379832 0.059058 0.047059
0 0.750998 0.315966 0.047885 0.043697
0 0.788109 0.378151 0.058260 0.043697
0 0.814046 0.303361 0.054270 0.045378
0 0.862330 0.372269 0.061453 0.048739
0 0.907821 0.297479 0.051875 0.047059
0 0.960894 0.359664 0.065443 0.050420
0 0.260575 0.643697 0.061453 0.047059
0 0.233839 0.583193 0.057462 0.047059
0 0.124900 0.595798 0.059856 0.052101
0 0.152434 0.660504 0.057462 0.047059
0 0.074621 0.668067 0.058260 0.045378
0 0.026736 0.610924 0.053472 0.045378
