4 0.228651 0.682986 0.032721 0.027287
4 0.327215 0.653291 0.030327 0.032103
4 0.598962 0.306581 0.031125 0.025682
4 0.708300 0.272071 0.031125 0.024077
4 0.850758 0.378812 0.035116 0.028892
5 0.183958 0.662119 0.031125 0.024077
7 0.831205 0.210273 0.015164 0.025682
7 0.825619 0.194222 0.008779 0.019262
7 0.698324 0.731933 0.012769 0.015126
4 0.165204 0.259664 0.022346 0.038655
1 0.041500 0.604202 0.083001 0.058824
0 0.150439 0.588235 0.056664 0.050420
0 0.222666 0.589916 0.057462 0.047059
0 0.025938 0.662185 0.050279 0.043697
0 0.241421 0.647059 0.058260 0.050420
0 0.110535 0.661345 0.058260 0.042017
0 0.713887 0.388235 0.058260 0.047059
0 0.800878 0.377311 0.053472 0.045378
0 0.968077 0.362185 0.062251 0.048739
0 0.688747 0.313445 0.060654 0.052101
0 0.765762 0.309244 0.055068 0.043697
0 0.860335 0.299160 0.059058 0.050420
0 0.940543 0.289076 0.064645 0.050420
0 0.557861 0.884874 0.031923 0.105882
4 0.109338 0.255462 0.009577 0.033613
4 0.122905 0.247899 0.009577 0.025210
