4 0.381484 0.882927 0.028731 0.039024
0 0.345571 0.062602 0.035116 0.112195
0 0.357143 0.189431 0.032721 0.108943
0 0.511173 0.503252 0.058260 0.099187
0 0.454110 0.700000 0.041500 0.112195
4 0.110934 0.260504 0.012769 0.040336
4 0.125299 0.256303 0.009577 0.031933
4 0.561453 0.912605 0.013567 0.053782
0 0.701117 0.386555 0.055068 0.047059
0 0.617717 0.773109 0.025539 0.094118
0 0.541101 0.816807 0.036712 0.107563
0 0.581804 0.872269 0.035116 0.104202
0 0.599761 0.973109 0.024741 0.050420
0 0.467279 0.971429 0.027933 0.053782
