4 0.679968 0.314634 0.023943 0.021138
4 0.946528 0.339837 0.030327 0.022764
5 0.329609 0.678049 0.027135 0.019512
0 0.409417 0.467480 0.035116 0.115447
0 0.448524 0.726829 0.035116 0.104065
7 0.666800 0.204878 0.011971 0.022764
4 0.113727 0.263866 0.011971 0.033613
4 0.128492 0.259664 0.009577 0.028571
0 0.621309 0.825210 0.024741 0.100840
0 0.697925 0.386555 0.050279 0.047059
0 0.751796 0.324370 0.054270 0.050420
0 0.822027 0.376471 0.057462 0.050420
0 0.870710 0.312605 0.051077 0.043697
0 0.941341 0.290756 0.064645 0.053782
0 0.897845 0.366387 0.060654 0.047059
7 0.318436 0.279832 0.012769 0.025210
