0 0.967678 0.362185 0.061453 0.045378
0 0.912211 0.291597 0.062251 0.048739
0 0.804868 0.305042 0.058260 0.045378
0 0.802474 0.378151 0.055068 0.047059
0 0.650838 0.322689 0.056664 0.050420
0 0.715084 0.388235 0.059058 0.047059
0 0.486034 0.342017 0.059058 0.055462
0 0.558659 0.885714 0.033520 0.104202
0 0.512769 0.557143 0.055068 0.045378
0 0.513567 0.613445 0.058260 0.047059
0 0.294493 0.576471 0.059058 0.047059
0 0.274142 0.642857 0.056664 0.048739
0 0.078212 0.657143 0.051077 0.040336
1 0.102155 0.599160 0.089385 0.062185
4 0.850758 0.382353 0.030327 0.021849
4 0.837989 0.552941 0.025539 0.020168
4 0.702314 0.596639 0.028731 0.020168
4 0.361133 0.331092 0.024741 0.020168
4 0.304469 0.346218 0.023144 0.023529
4 0.167199 0.260504 0.018356 0.036975
4 0.111333 0.256303 0.010375 0.031933
5 0.370710 0.657143 0.024741 0.020168
6 0.337989 0.115126 0.024741 0.068908
7 0.943735 0.217647 0.021548 0.021849
7 0.141660 0.245378 0.018356 0.020168
7 0.750599 0.651261 0.015164 0.018487
4 0.124102 0.251261 0.010375 0.028571
