0 0.826816 0.376471 0.049481 0.043697
0 0.640862 0.395798 0.057462 0.058824
0 0.351955 0.124370 0.033520 0.097479
0 0.489226 0.556303 0.047885 0.094118
0 0.252594 0.569748 0.050279 0.043697
0 0.158819 0.657983 0.057462 0.048739
0 0.262969 0.637815 0.048683 0.042017
0 0.446129 0.788235 0.023943 0.094118
0 0.544693 0.828571 0.032721 0.100840
0 0.563847 0.948739 0.032721 0.089076
0 0.624900 0.911765 0.031923 0.092437
0 0.627694 0.734454 0.039106 0.107563
4 0.571429 0.802521 0.014366 0.048739
4 0.338787 0.043697 0.015164 0.050420
4 0.332402 0.265546 0.010375 0.050420
4 0.113328 0.257983 0.011173 0.035294
4 0.125698 0.252101 0.010375 0.030252
