7 0.794531 0.217130 0.013542 0.024074
0 0.138932 0.425231 0.059115 0.046759
0 0.598568 0.328472 0.055990 0.052315
0 0.688802 0.386111 0.052604 0.047222
0 0.874609 0.368981 0.060677 0.051852
0 0.545573 0.799306 0.032813 0.102315
0 0.586589 0.847222 0.035156 0.107407
0 0.561068 0.938194 0.032031 0.097685
0 0.976823 0.360648 0.046354 0.038889
2 0.341181 0.110924 0.063049 0.221849
4 0.113727 0.260504 0.010375 0.033613
4 0.128093 0.255462 0.010375 0.030252
1 0.588188 0.557143 0.070231 0.058824
0 0.414605 0.575630 0.051875 0.042017
0 0.824421 0.582353 0.054270 0.048739
