7 0.615722 0.224719 0.010375 0.022472
7 0.611333 0.210273 0.007981 0.022472
7 0.244214 0.294543 0.015962 0.027287
4 0.981644 0.537721 0.035116 0.035313
4 0.624102 0.304173 0.028731 0.030498
6 0.470072 0.385233 0.036712 0.073836
0 0.905028 0.294958 0.059058 0.052101
0 0.738627 0.384874 0.058260 0.047059
0 0.702314 0.311765 0.059058 0.052101
0 0.392259 0.086555 0.037510 0.102521
0 0.350359 0.188235 0.035116 0.107563
0 0.517159 0.543697 0.046289 0.105882
0 0.468077 0.611765 0.051875 0.097479
0 0.534717 0.778992 0.036712 0.102521
0 0.315243 0.426891 0.055866 0.063866
0 0.222666 0.591597 0.054270 0.043697
0 0.151636 0.589916 0.059058 0.047059
0 0.241022 0.648739 0.057462 0.050420
0 0.110136 0.663025 0.059058 0.045378
5 0.185156 0.660504 0.023943 0.020168
4 0.167598 0.257983 0.023943 0.031933
4 0.124102 0.251261 0.011971 0.028571
4 0.109737 0.255462 0.011971 0.036975
