4 0.852753 0.378010 0.034318 0.027287
0 0.687949 0.313445 0.060654 0.048739
0 0.765363 0.309244 0.057462 0.043697
0 0.859138 0.300840 0.059856 0.047059
0 0.940144 0.289916 0.065443 0.052101
0 0.968077 0.363025 0.060654 0.043697
0 0.801676 0.378992 0.055068 0.048739
0 0.712690 0.389916 0.059058 0.043697
0 0.615323 0.738655 0.031923 0.105882
0 0.557861 0.884874 0.033520 0.102521
0 0.223065 0.590756 0.055068 0.045378
0 0.152035 0.587395 0.058260 0.048739
0 0.240623 0.647899 0.056664 0.048739
0 0.026736 0.663025 0.053472 0.042017
0 0.110934 0.662185 0.057462 0.047059
1 0.042698 0.603361 0.085395 0.060504
4 0.167598 0.263866 0.022346 0.033613
4 0.124501 0.252941 0.011173 0.028571
4 0.110535 0.255462 0.011971 0.036975
4 0.598164 0.307563 0.023144 0.020168
4 0.632083 0.284034 0.030327 0.020168
4 0.322027 0.625210 0.026337 0.026891
4 0.329210 0.653782 0.027933 0.023529
5 0.185555 0.661345 0.026337 0.021849
7 0.740623 0.694118 0.015962 0.020168
7 0.869912 0.201681 0.019154 0.023529
7 0.860734 0.186555 0.011971 0.016807
