3 0.406624 0.419743 0.040702 0.130016
7 0.698324 0.237560 0.006385 0.016051
7 0.702713 0.223114 0.011971 0.022472
5 0.208300 0.658909 0.022346 0.024077
1 0.902634 0.354622 0.076616 0.053782
0 0.794094 0.303361 0.055866 0.042017
0 0.348763 0.178151 0.025539 0.097479
0 0.444134 0.699160 0.029529 0.107563
0 0.545491 0.828571 0.034318 0.100840
0 0.564246 0.950420 0.031923 0.089076
0 0.287709 0.582353 0.059856 0.048739
0 0.198324 0.593277 0.061453 0.047059
0 0.262969 0.655462 0.051875 0.047059
4 0.612929 0.304202 0.027135 0.023529
4 0.327614 0.041176 0.013567 0.058824
4 0.351556 0.022689 0.015164 0.045378
4 0.113328 0.257983 0.011173 0.035294
4 0.126895 0.251261 0.009577 0.031933
4 0.091780 0.646218 0.031923 0.021849
7 0.710295 0.245378 0.011173 0.023529
