5 0.893456 0.602729 0.026337 0.024077
4 0.571828 0.798555 0.019952 0.056180
0 0.544693 0.825040 0.035914 0.102729
7 0.928970 0.217647 0.015962 0.018487
0 0.353152 0.127731 0.032721 0.094118
0 0.102953 0.650420 0.062251 0.053782
0 0.302474 0.631092 0.057462 0.042017
0 0.566241 0.948739 0.031125 0.092437
0 0.625698 0.727731 0.030327 0.100840
0 0.632881 0.331092 0.059058 0.053782
0 0.715483 0.385714 0.053472 0.045378
0 0.807263 0.378151 0.058260 0.047059
0 0.879888 0.288235 0.059856 0.048739
0 0.894653 0.367227 0.060654 0.048739
0 0.971269 0.363866 0.054270 0.045378
4 0.197925 0.373109 0.027135 0.020168
4 0.114525 0.259664 0.011971 0.031933
4 0.128492 0.254622 0.009577 0.028571
4 0.333200 0.263025 0.011971 0.042017
4 0.340383 0.041176 0.018356 0.045378
4 0.405427 0.946218 0.020750 0.047059
4 0.626895 0.610084 0.029529 0.023529
1 0.835994 0.526050 0.053472 0.047059
