0 0.359537 0.191057 0.032721 0.105691
0 0.672785 0.323577 0.054270 0.052033
0 0.803671 0.304878 0.057462 0.050407
0 0.791301 0.381301 0.063049 0.053659
0 0.881883 0.368293 0.067039 0.053659
0 0.625299 0.539837 0.061453 0.048780
0 0.624501 0.616260 0.056664 0.052033
0 0.583001 0.869919 0.035914 0.110569
4 0.225060 0.652033 0.030327 0.026016
0 0.970072 0.577311 0.056664 0.052101
0 0.972466 0.366387 0.050279 0.047059
0 0.956504 0.298319 0.058260 0.048739
0 0.710694 0.387395 0.059856 0.048739
0 0.885475 0.512605 0.055068 0.047059
0 0.464086 0.623529 0.055068 0.050420
0 0.384677 0.401681 0.049481 0.047059
0 0.259777 0.367227 0.045491 0.045378
0 0.146049 0.599160 0.055866 0.045378
0 0.041101 0.667227 0.051875 0.043697
0 0.023543 0.604202 0.047087 0.048739
4 0.111732 0.258824 0.011173 0.033613
4 0.126097 0.256303 0.009577 0.028571
