5 0.105746 0.666132 0.019952 0.025682
0 0.814046 0.547059 0.054270 0.052101
0 0.551077 0.874790 0.034318 0.102521
0 0.461293 0.530252 0.044693 0.092437
0 0.424980 0.378151 0.058260 0.070588
0 0.261772 0.654622 0.052674 0.045378
0 0.285315 0.585714 0.059856 0.048739
0 0.281724 0.419328 0.059058 0.062185
1 0.413807 0.167227 0.039106 0.119328
4 0.530327 0.572269 0.016760 0.048739
4 0.110535 0.257143 0.013567 0.036975
4 0.124900 0.252101 0.011971 0.033613
6 0.337989 0.117647 0.024741 0.067227
7 0.512370 0.214286 0.009577 0.025210
