0 0.696329 0.386179 0.051875 0.047154
0 0.936552 0.291870 0.066241 0.050407
5 0.327614 0.678049 0.026337 0.019512
7 0.228252 0.303252 0.012769 0.024390
4 0.943336 0.341463 0.033520 0.029268
4 0.677574 0.317073 0.028731 0.026016
4 0.407821 0.130081 0.019154 0.045528
4 0.591780 0.954472 0.015164 0.055285
0 0.342378 0.174790 0.030327 0.090756
0 0.336393 0.035294 0.027933 0.067227
0 0.750200 0.325210 0.055866 0.048739
0 0.818835 0.377311 0.057462 0.048739
0 0.867917 0.313445 0.051875 0.042017
0 0.895850 0.368908 0.063049 0.048739
4 0.112929 0.262185 0.010375 0.033613
4 0.126895 0.256303 0.009577 0.025210
