0 0.587789 0.840650 0.035914 0.107317
0 0.564645 0.929268 0.032721 0.108943
0 0.634876 0.616260 0.056664 0.052033
0 0.465682 0.566667 0.050279 0.047154
0 0.461293 0.626016 0.059058 0.045528
4 0.579808 0.555285 0.026337 0.024390
4 0.543895 0.782927 0.016760 0.060163
4 0.144054 0.667480 0.029529 0.027642
5 0.776536 0.628455 0.022346 0.017886
7 0.648444 0.469106 0.010375 0.021138
4 0.115323 0.262185 0.010375 0.030252
4 0.128492 0.258824 0.009577 0.026891
1 0.126097 0.606723 0.084597 0.057143
0 0.843575 0.593277 0.052674 0.047059
0 0.828412 0.530252 0.051077 0.048739
