0 0.053125 0.603935 0.061458 0.050463
0 0.261719 0.649769 0.055729 0.050463
0 0.525651 0.500926 0.050260 0.081481
0 0.396224 0.366667 0.048698 0.050000
0 0.352734 0.165741 0.039844 0.126852
0 0.634505 0.918750 0.030469 0.097685
4 0.205208 0.661806 0.023958 0.022685
4 0.604948 0.317824 0.023958 0.020833
5 0.248958 0.687963 0.027083 0.019444
1 0.144922 0.594444 0.069531 0.047222
0 0.341979 0.032773 0.027933 0.065546
0 0.596967 0.884034 0.033520 0.104202
0 0.560654 0.883193 0.031125 0.102521
0 0.443336 0.784034 0.024741 0.095798
0 0.363128 0.882353 0.051077 0.067227
0 0.106943 0.661345 0.057462 0.045378
0 0.022745 0.673109 0.043895 0.045378
4 0.258180 0.587395 0.029529 0.021849
4 0.116121 0.262185 0.010375 0.030252
4 0.130088 0.256303 0.009577 0.028571
