4 0.678372 0.317073 0.028731 0.026016
4 0.944134 0.340650 0.028731 0.021138
7 0.314046 0.284553 0.010375 0.019512
5 0.327614 0.681301 0.024741 0.022764
0 0.383480 0.372358 0.035914 0.094309
0 0.939346 0.291057 0.067039 0.052033
4 0.111333 0.263025 0.011971 0.035294
4 0.124501 0.256303 0.011173 0.028571
0 0.346369 0.097479 0.030327 0.090756
0 0.696728 0.385714 0.049481 0.045378
0 0.749002 0.324370 0.058260 0.050420
0 0.819234 0.375630 0.056664 0.045378
0 0.869912 0.312605 0.051077 0.043697
0 0.895451 0.366387 0.062251 0.047059
