0 0.517957 0.604065 0.047885 0.105691
0 0.389066 0.060976 0.034318 0.095935
1 0.434956 0.552846 0.065443 0.100813
3 0.338388 0.069106 0.041500 0.131707
7 0.788508 0.667480 0.011173 0.027642
1 0.706305 0.310084 0.068635 0.058824
0 0.112131 0.411765 0.050279 0.040336
0 0.241820 0.426050 0.057462 0.048739
0 0.220670 0.594118 0.058260 0.048739
4 0.336792 0.666387 0.028731 0.025210
4 0.349960 0.194958 0.015164 0.057143
4 0.117318 0.263025 0.012769 0.031933
4 0.131285 0.257143 0.010375 0.030252
1 0.212690 0.664706 0.069433 0.052101
