0 0.354297 0.166667 0.038281 0.125000
0 0.341927 0.468981 0.055208 0.073148
0 0.497135 0.446991 0.044792 0.104167
0 0.486068 0.607407 0.041406 0.086111
0 0.549870 0.841435 0.035156 0.108796
0 0.618620 0.942130 0.035156 0.112037
0 0.052734 0.603935 0.065365 0.050463
5 0.326302 0.679861 0.025521 0.022685
4 0.205990 0.660880 0.023958 0.024537
4 0.699870 0.319444 0.030469 0.021296
0 0.340782 0.033613 0.028731 0.067227
4 0.256983 0.587395 0.030327 0.021849
0 0.261772 0.650420 0.059058 0.050420
0 0.122107 0.661345 0.054270 0.045378
0 0.046688 0.668908 0.056664 0.050420
1 0.145650 0.596639 0.067837 0.050420
4 0.114525 0.263025 0.010375 0.031933
4 0.128891 0.258824 0.008779 0.030252
