0 0.243815 0.582927 0.059856 0.050407
0 0.158021 0.658537 0.052674 0.048780
0 0.711492 0.601626 0.051875 0.052033
7 0.697526 0.415447 0.009577 0.024390
5 0.488428 0.681301 0.022346 0.019512
4 0.542698 0.781301 0.015962 0.056911
4 0.494014 0.623577 0.025539 0.021138
4 0.038707 0.388618 0.029529 0.026016
1 0.425379 0.568908 0.063847 0.052101
0 0.375100 0.635294 0.052674 0.043697
0 0.031524 0.673109 0.056664 0.048739
0 0.119314 0.602521 0.053472 0.045378
4 0.115323 0.265546 0.010375 0.033613
4 0.129290 0.259664 0.009577 0.028571
0 0.563448 0.930252 0.033520 0.102521
