4 0.204687 0.660880 0.028125 0.024537
4 0.256510 0.586111 0.032813 0.024074
4 0.700391 0.318750 0.027865 0.022685
5 0.326432 0.678935 0.027344 0.020833
1 0.146094 0.596759 0.071875 0.051852
0 0.733464 0.561806 0.062240 0.063426
0 0.478516 0.595139 0.047135 0.100463
0 0.382292 0.488657 0.057292 0.082870
0 0.052344 0.604167 0.063021 0.047222
0 0.351953 0.164120 0.039844 0.123611
0 0.223464 0.425210 0.046289 0.040336
0 0.262570 0.649580 0.055866 0.052101
0 0.121309 0.659664 0.054270 0.045378
0 0.047087 0.668908 0.057462 0.047059
0 0.389864 0.060504 0.034318 0.104202
0 0.342378 0.032773 0.028731 0.065546
4 0.115323 0.263025 0.010375 0.031933
4 0.128891 0.257143 0.007183 0.026891
