0 0.053125 0.604861 0.063021 0.048611
0 0.047005 0.669907 0.057552 0.051852
0 0.261849 0.652778 0.059115 0.053704
0 0.357161 0.211574 0.040885 0.126852
4 0.257422 0.587731 0.029427 0.024537
4 0.697917 0.321065 0.029687 0.024537
4 0.545573 0.796759 0.016667 0.055556
5 0.325521 0.680556 0.023958 0.021296
6 0.414714 0.175000 0.026302 0.066667
0 0.343880 0.041898 0.036198 0.082870
0 0.120112 0.661345 0.051875 0.038655
1 0.144852 0.596639 0.069433 0.053782
4 0.203911 0.663866 0.024741 0.016807
4 0.115323 0.261345 0.010375 0.035294
4 0.128891 0.256303 0.008779 0.025210
