7 0.648047 0.469907 0.011198 0.023148
5 0.935026 0.614583 0.024740 0.022685
4 0.257422 0.647917 0.030990 0.027315
4 0.543099 0.786343 0.016927 0.056944
4 0.637760 0.614583 0.025521 0.022685
0 0.327995 0.048148 0.027344 0.095370
0 0.588151 0.840509 0.035156 0.110648
0 0.563802 0.929167 0.034375 0.105556
0 0.853516 0.579630 0.058073 0.047222
0 0.980846 0.573950 0.036712 0.045378
0 0.892259 0.522689 0.049481 0.047059
1 0.533121 0.568067 0.068635 0.057143
4 0.114126 0.263866 0.011173 0.033613
4 0.128093 0.257983 0.010375 0.031933
