0 0.364326 0.217073 0.035914 0.105691
0 0.415802 0.391057 0.041500 0.089431
0 0.439346 0.699187 0.032721 0.094309
0 0.896249 0.369106 0.063847 0.055285
0 0.938947 0.291057 0.067837 0.052033
7 0.314844 0.281301 0.013567 0.019512
4 0.350359 0.069106 0.012769 0.050407
4 0.677973 0.317073 0.027933 0.026016
4 0.943336 0.340650 0.030327 0.030894
5 0.329609 0.679675 0.027135 0.019512
0 0.695930 0.385714 0.051077 0.045378
0 0.750599 0.325210 0.056664 0.048739
0 0.819234 0.375630 0.056664 0.048739
0 0.868715 0.313445 0.051875 0.042017
4 0.112530 0.262185 0.009577 0.030252
4 0.126496 0.257143 0.008779 0.026891
