4 0.406225 0.442276 0.011173 0.042276
5 0.328013 0.680488 0.025539 0.024390
7 0.316042 0.284553 0.012769 0.026016
4 0.679968 0.315447 0.030327 0.022764
4 0.946129 0.339024 0.029529 0.021138
0 0.373504 0.242276 0.036712 0.107317
0 0.437350 0.673984 0.033520 0.102439
0 0.608140 0.575610 0.052674 0.048780
0 0.940942 0.291057 0.067039 0.055285
0 0.039505 0.824390 0.055068 0.039024
4 0.112929 0.262185 0.010375 0.033613
4 0.126097 0.256303 0.009577 0.028571
0 0.344374 0.040336 0.032721 0.080672
0 0.697526 0.385714 0.051077 0.045378
0 0.751397 0.322689 0.055068 0.050420
0 0.820032 0.375630 0.056664 0.045378
0 0.870311 0.311765 0.051875 0.045378
0 0.897845 0.366387 0.060654 0.050420
