0 0.438547 0.708943 0.035914 0.107317
0 0.123304 0.660163 0.056664 0.048780
5 0.326018 0.678862 0.024741 0.017886
0 0.568635 0.947154 0.035914 0.099187
4 0.697925 0.321951 0.026337 0.026016
4 0.341580 0.328455 0.011173 0.045528
4 0.257781 0.586179 0.027135 0.024390
4 0.204709 0.662602 0.027933 0.027642
4 0.424581 0.875610 0.011173 0.047154
4 0.543496 0.783740 0.015962 0.058537
7 0.907821 0.390244 0.016760 0.022764
1 0.145251 0.597479 0.068635 0.052101
0 0.920990 0.569748 0.049481 0.040336
0 0.678372 0.633613 0.051077 0.084034
0 0.397446 0.432773 0.033520 0.095798
0 0.047486 0.668908 0.056664 0.047059
0 0.051875 0.605042 0.060654 0.043697
4 0.115323 0.263025 0.010375 0.031933
4 0.129290 0.258824 0.007981 0.030252
0 0.261772 0.651261 0.055866 0.052101
