0 0.337590 0.445528 0.052674 0.065041
0 0.220670 0.594309 0.059856 0.047154
0 0.469274 0.591057 0.052674 0.095935
0 0.528731 0.608130 0.043895 0.100813
0 0.618117 0.956098 0.032721 0.084553
1 0.412211 0.195122 0.071030 0.240650
3 0.337191 0.070732 0.039106 0.131707
4 0.336393 0.665041 0.027933 0.026016
7 0.695930 0.543902 0.012769 0.021138
0 0.556265 0.913445 0.031923 0.092437
4 0.117318 0.263866 0.011173 0.033613
4 0.130886 0.259664 0.009577 0.031933
1 0.211891 0.664706 0.067837 0.052101
4 0.349162 0.194958 0.013567 0.053782
